"NOC_YEAR","NOC_CODE","G1","G2","EC1","EC2","EC3","EC4","EC5","EA1","EA12","EA14","EA15","EA16","EA2","EA4","EA8","EA9","EAO","AG10","AG13","AG14","AG15","AG16","AG17","AG7"
"2016","0011","61","39","","","0","100","2.1","100","24.934","0","11.286","1.05","8.399","20.997","4.199","22.047","7.087","5.541","13.456","20.053","31.926","23.747","3.958","1.319"
"2016","0012","53","47","","","1","99","1.6","100","34.911","0","29.821","4.018",".625","7.589","1.429","15.357","6.25","6.339","21.071","39.018","28.482","4.107",".446",".536"
"2016","0013","74","26","","","22","72","1.5","100","40.861",".162","19.179","2.269","1.531","12.192","1.459","15.343","7.005","8.962","24.222","34.659","23.106","7","1.602",".45"
"2016","0014","45","55","","","6","92","3","100","31.107",".918","27.741","4.742",".918","9.026","1.122","17.287","7.139","6.323","16.318","33.605","33.197","8.261",".765","1.53"
"2016","0015","76","24","","","27","66","1.5","100","31.143",".221","11.679",".828","4.942","22.032","3.424","19.63","6.102","8.308","20.259","34.033","25.945","8.805","2.153",".497"
"2016","0016","84","16","","","28","67","1.1","100","26.837",".15","11.119","1.224","6.147","20.415","7.146","20.515","6.447","5.746","18.336","35.673","28.903","8.818","2.173",".35"
"2016","0111","43","57","","","3","94","2.2","100","40.649",".03","15.032",".442","1.386","12.306",".807","20.835","8.514","16.146","27.129","31.988","20.091","3.412",".411",".823"
"2016","0112","29","71","","","0","100","3.1","100","40.964",".126","12.216",".303","1.439","11.686","1.641","24.18","7.446","18.177","30.573","29.942","17.773","1.843",".101","1.591"
"2016","0113","62","38","","","0","100","2.9","100","32.602",".11","10.812",".11","2.854","18.99","1.866","27.278","5.379","13.172","29.967","33.425","19.978","2.25",".384",".823"
"2016","0114","49","51","","","7","90","2.8","100","30.873",".164","15.211","1.148","1.968","17.794","1.722","24.682","6.437","15.738","27.418","31.885","19.303","3.361",".533","1.762"
"2016","0121","56","44","","","15","73","1.9","100","40.05",".323","12.8",".287","2.115","14.701","2.187","21.441","6.095","14.127","26.138","30.979","20.115","5.952","1.506","1.183"
"2016","0122","45","55","","","1","98","2.5","100","34.318",".052","14.135",".484","1.521","21.168","1.002","21.998","5.322","22.132","29.976","29.855","15.117","1.261",".052","1.607"
"2016","0124","43","57","","","4","92","4.2","100","46.561",".191","15.035",".353","1.161","10.817",".926","19.283","5.673","30.898","31.104","22.813","10.113","1.47",".22","3.381"
"2016","0125","62","38","","","27","55","1.9","100","26.102",".203","8.667",".659","5.525","23.568","5.068","25.443","4.764","16.32","25.748","30.005","19.767","5.271","1.267","1.622"
"2016","0131","68","32","","","0","100","2.6","100","33.578","0","11.084",".57","1.793","19.641","1.793","26.732","4.808","15.61","32.927","31.626","17.236","1.138",".163","1.301"
"2016","0132","59","41","","","9","85","1.1","100","21.839",".575","5.172","0","8.046","30.46","3.736","25.575","4.598","10.92","19.828","41.379","22.701","4.31","0",".862"
"2016","0211","86","14","","","4","94","2.6","100","44.179","0","23.463","3.343",".119",".119","3.522","19.045","6.209","13.381","27.718","33.871","20.191","3.763",".179",".896"
"2016","0212","58","42","","","3","96","2.3","100","33.981",".555","25.381","15.673","0",".277",".693","17.614","5.825","11.234","31.9","34.258","18.447","3.329","0",".832"
"2016","0213","75","25","","","5","93","2.7","100","40.805",".081","16.053","1.25","1.136","9.852",".876","24.006","5.941","13.704","34.47","34.941","14.256","1.38",".049","1.201"
"2016","0311","26","75","","","4","93","2.6","100","29.895","2.508","24.676","3.519",".93","7.443","1.335","23.948","5.744","13.997","25.526","34.304","21.926","3.074",".243",".93"
"2016","0411","38","62","","","0","100",".4","100","36.975",".63","36.975","5.462",".42","3.151","0","11.134","5.252","3.774","29.35","44.864","20.126","1.048","0",".839"
"2016","0412","52","48","","","0","100","1","100","40.234","0","26.878","3.005","0","8.514",".668","16.194","4.508","10.851","29.215","36.394","22.037","1.002","0",".501"
"2016","0413","31","71","","","0","100","0","100","34.247","0","46.575","4.11","0","2.74","2.74","6.849","2.74","17.808","23.288","39.726","15.068","4.11","0","0"
"2016","0414","56","44","","","0","100","2.3","100","34.177","0","21.7","2.17","1.266","11.392","3.797","19.892","5.606","8.333","32.971","37.681","17.754","2.536","0",".725"
"2016","0421","33","67","","","0","100","3.5","100","31.117",".821","29.475","12.315",".657","7.471",".657","13.3","4.187","14.766","26.251","28.548","22.395","5.25",".492","2.297"
"2016","0422","39","61","","","0","100","1","100","38.633","0","45.344","1.552","0","0","0","4.069","10.403","3.649","25.419","46.477","19.841","4.195",".252",".168"
"2016","0423","26","74","","","0","100","2.7","100","32.565",".351","17.986","1.152","1.152","9.218","1.553","30.511","5.511","14.972","25.138","32.949","20.881","3.856",".25","1.953"
"2016","0431","78","21","","","0","100","2","100","27.083","0","14.583","2.083","0","14.583","2.083","28.125","11.458","4.124","10.309","53.608","28.866","3.093","0","0"
"2016","0432","93","7","","","0","100","2","100","16.107","0","2.685","0","0","23.49","9.396","40.268","8.054","4","14","46.667","31.333","4","0","0"
"2016","0433","84","16","","","0","100","1.9","100","47.709",".982","25.777",".491",".491","12.766","1.391","6.956","3.437","21.458","28.829","34.07","8.518",".573",".164","6.388"
"2016","0511","26","74","","","1","92","3.4","100","25.664","0","41.888","1.475","1.475","10.914",".885","11.799","5.9","20","20.294","26.765","26.765","3.235",".588","2.353"
"2016","0512","52","48","","","11","80","3.5","100","38.64",".289","11.433","1.302","1.881","15.485","1.302","24.168","5.499","18.09","26.773","28.654","18.379","4.631",".868","2.605"
"2016","0513","50","50","","","13","80","5.4","100","31.924",".222","6.563",".334","3.782","22.692","2.447","28.031","4.004","26.837","26.058","21.604","13.474","2.895","1.002","8.129"
"2016","0601","66","34","","","3","96","3.3","100","36.953",".099","8.528",".545","2.363","19.98","2.231","24.277","5.024","19.931","31.863","29.995","14.543","2.016",".182","1.471"
"2016","0621","58","42","","","15","74","2.7","100","19.633",".179","3.685",".168","7.913","35.053","4.962","24.798","3.608","20.153","22.979","27.875","19.644","4.413",".728","4.208"
"2016","0631","51","49","","","20","68","3.4","100","17.18",".198","2.953",".188","10.79","36.828","3.904","23.64","4.32","24.651","24.036","24.958","15.199","3.26",".466","7.431"
"2016","0632","46","54","","","15","69","5.8","100","24.319",".199","5.05",".465","6.179","24.917","5.116","28.04","5.714","16.045","18.975","24.501","22.57","9.188","1.664","7.057"
"2016","0651","44","56","","","22","52","2.3","100","17.665",".178","3.817",".444","8.655","26.942","9.676","28.229","4.394","19.574","22.725","28.806","18.553","5.104",".666","4.572"
"2016","0711","88","12","","","17","69","3.5","100","19.557",".034","4.038",".206","8.352","23.801","11.273","28.596","4.142","21.609","23.603","28.004","18.773","4.04",".67","3.301"
"2016","0712","95","5","","","23","33","4.5","100","10.034",".159","1.703",".159","16.799","35.301","11.373","21.771","2.701","17.121","22.956","29.837","21.866","3.497",".613","4.11"
"2016","0714","79","21","","","6","89","3.1","100","16.939",".088","3.184",".243","8.226","29.522","9","28.947","3.848","13.329","21.64","32.184","24.337","4.885",".973","2.653"
"2016","0731","75","25","","","12","83","2.5","100","19.985",".147","5.715",".295","8.038","30.531","5.015","25.811","4.462","14.101","25.729","33.666","20.893","3.47",".591","1.55"
"2016","0811","87","12","","","10","84","3.8","100","21.849","0","10.924","1.681","6.443","21.289","8.683","24.37","4.762","11.732","26.816","31.844","23.464","4.749",".559",".838"
"2016","0821","75","25","","","22","22",".9","100","9.669",".257","1.918",".284","22.66","31.141","6.82","23.228","4.024","10.951","12.139","20.186","27.707","18.688","7.291","3.038"
"2016","0822","66","34","","","21","56","1.8","100","16.095","0","1.847","1.319","12.665","30.343","5.541","25.33","6.86","16.535","18.635","24.672","23.097","8.661","2.625","5.774"
"2016","0823","75","29","","","25","54","7.1","100","22.222","0","0","0","7.407","33.333","14.815","22.222","0","6.897","24.138","17.241","17.241","10.345","13.793","10.345"
"2016","0911","80","20","","","11","84","2","100","21.813",".183","6.766",".733","7.232","25.779","6.199","26.146","5.149","10.811","23.322","35.166","23.938","4.548","1","1.216"
"2016","0912","80","20","","","0","100","2.1","100","25.612","0","10.647",".719","4.317","15.971","8.777","28.921","5.036","9.9","23.242","39.598","22.525","3.3",".287","1.148"
"2016","1111","47","53","","","6","84","2.7","100","52.102",".088","13.107",".292",".014","5.523",".524","16.345","12.005","22.227","22.444","26.001","18.282","5.597",".959","4.489"
"2016","1112","56","44","","","2","96","3.4","100","51.022",".073","24.27","1.058",".091","5.949",".328","10.766","6.442","34.471","26.566","20.267","9.056","1.388",".219","8.034"
"2016","1113","70","30","","","7","78","2.8","100","45.182",".195","12.956",".586",".13","15.234","2.148","17.383","6.185","26.285","23.097","25.179","14.639","5.075","1.236","4.489"
"2016","1114","57","43","","","7","82","2.1","100","42.168",".161","11.695",".462","1.125","14.438","1.417","22.355","6.179","24.392","23.237","25.879","17.501","4.692",".683","3.617"
"2016","1121","26","74","","","2","94","3.4","100","44.114",".155","11.239",".62","1.343","12.065","1.721","21.394","7.349","26.88","26.828","23.834","15.35","2.908",".241","3.958"
"2016","1122","57","43","","","15","73","3.6","100","41.611",".146","24.447","1.891",".945","9.667","1.039","14.075","6.178","23.259","24.777","24.191","17.348","5.392",".666","4.367"
"2016","1123","35","65","","","4","88","5.9","100","48.102",".133","11.389",".412","1.152","12.092",".885","20.097","5.737","36.419","23.28","17.239","9.074","2.22",".255","11.513"
"2016","1211","37","63","","","1","98","3.1","100","24.315",".228","4.566",".571","3.425","28.539","3.767","30.708","3.881","19.704","25.399","28.588","18.337","3.303",".456","4.214"
"2016","1212","29","71","","","1","98","2.3","100","28.98",".195","5.913",".26","2.599","23.782","2.014","31.319","4.938","18.117","24.805","31.494","20.325","2.078",".455","2.727"
"2016","1213","28","72","","","0","100","6.1","100","32.061","0","8.397","1.145","1.527","20.229",".763","32.061","3.817","17.49","19.772","25.856","24.715","6.844",".76","4.563"
"2016","1214","51","49","","","0","100","1.6","100","12.944","0",".626",".418","5.01","41.127","4.384","30.898","4.593","13.836","24.948","31.237","24.528","3.354","0","2.096"
"2016","1215","68","32","","","2","97","3.6","100","17.163",".083","3.416",".22","9.614","38.209","3.802","24.325","3.168","22.06","26.604","28.284","16.552","2.093",".138","4.269"
"2016","1221","16","84","","","4","93","3.8","100","24.367",".274","5.731",".398","3.378","26.257","2.298","32.924","4.373","17.924","22.148","28.904","21.939","4.398",".468","4.219"
"2016","1222","9","91","","","1","98","3.5","100","27.157",".141","5.233",".339","2.122","24.611","1.358","34.399","4.639","19.717","20.934","30.014","22.093","3.593",".113","3.536"
"2016","1223","31","69","","","4","92","4.5","100","43.034",".116","7.989",".232","2.547","16.017","1.312","22.733","6.021","32.741","25.907","19.382","10.309","2.008",".347","9.305"
"2016","1224","48","52","","","11","69","3.1","100","23.985",".249","4.583",".598","7.273","25.654","5.156","27.273","5.23","14.15","17.838","26.931","25.187","10.364","2.74","2.79"
"2016","1225","48","52","","","2","96","3.1","100","27.3",".066","5.88",".164","3.876","23.423","2.365","32.523","4.402","19.599","24.721","29.284","18.943","3.546",".328","3.578"
"2016","1226","24","77","","","6","83","7.6","100","37.152","0","5.611",".094","3.253","18.718","2.263","28.147","4.762","34.496","19.604","17.813","10.415","2.026",".094","15.551"
"2016","1227","38","62","","","0","100","2.9","100","32.075","0","8.625",".809","0",".539","2.156","47.978","7.817","16.712","20.755","27.763","20.216","12.938",".539","1.078"
"2016","1228","42","58","","","0","100","1.8","100","38.158",".083","6.636",".456",".622","18.582","1.244","29.034","5.185","22.761","27.57","27.446","15.796","1.658",".083","4.685"
"2016","1241","6","94","","","3","93","4.6","100","18.668",".153","2.766",".193","4.292","32.978","2.639","34.931","3.379","17.424","18.564","27.01","23.45","5.613",".727","7.212"
"2016","1242","8","92","","","0","96","4.3","100","19.02",".064","2.576",".223","2.004","19.338","1.05","52.417","3.308","22.265","19.179","26.272","20.547","4.898",".477","6.361"
"2016","1243","3","97","","","0","99","3.3","100","15.07",".596","1.787",".104","2.848","24.029","2.719","49.767","3.081","17.763","20.249","30.321","21.233","4.894",".337","5.205"
"2016","1251","10","90","","","2","73","3.9","100","17.92",".376","3.008","0","2.13","17.92","2.381","53.383","2.882","17.44","15.433","27.102","25.22","8.281",".753","5.772"
"2016","1252","18","82","","","1","99","1.4","100","20","1.471","8.824",".882",".588","7.647","2.353","56.471","1.765","16.471","20.588","33.824","23.235","3.235","0","2.647"
"2016","1253","29","71","","","1","97","4.9","100","31.624",".57","7.692",".57","3.704","20.798","1.709","28.775","4.558","19.943","20.228","27.635","23.932","2.279","0","5.983"
"2016","1254","41","59","","","0","98","6","100","37.864",".388","12.427","1.359","1.942","18.252","1.165","22.718","3.883","29.825","24.366","21.832","9.942","1.559","0","12.476"
"2016","1311","15","85","","","8","72","3.2","100","20.666",".144","3.586",".111","4.992","29.422","2.435","34.215","4.428","10.372","16.637","28.902","27.208","10.018","1.915","4.948"
"2016","1312","35","65","","","1","97","2.2","100","36.473",".215","3.398",".086","0","20.129","2.538","32.516","4.645","28.043","24.946","25.763","15.183","2.108",".301","3.656"
"2016","1313","31","69","","","0","99","2.5","100","38.279",".136","5.352","0","0","18.902","2.371","29.065","5.894","26.441","25.356","25.085","16.339","1.966",".136","4.678"
"2016","1314","68","32","","","9","73","2.2","100","34.98",".267","7.877",".401",".801","12.15","3.872","28.037","11.615","25.333","21.067","22.8","17.6","6.667","1.733","4.8"
"2016","1315","36","65","","","3","94","2.1","100","17.06","0","3.412","0","3.412","28.609","5.774","37.27","4.462","13.648","24.934","32.546","19.948","3.937",".525","4.462"
"2016","1411","17","83","","","2","94","6.1","100","16.639",".185","2.53",".147","6.758","35.961","2.862","31.63","3.287","16.525","17.526","25.106","20.927","4.968",".724","14.224"
"2016","1414","6","94","","","1","98","6.9","100","13.105",".401","1.319",".088","7.29","36.881","3.42","34.858","2.639","21.604","15.996","20.021","16.641","4.329",".508","20.901"
"2016","1415","15","85","","","1","98","5.4","100","37.895","0","5.263",".211","2","22","1.474","25.789","5.368","31.435","22.89","19.515","10.759",".633",".316","14.451"
"2016","1416","18","82","","","0","100","2.6","100","21.145","0","3.965","0","3.084","22.907",".881","42.731","5.286","25.551","24.229","26.872","17.621","3.524","0","2.203"
"2016","1422","25","75","","","0","97","9.3","100","19.535",".171","4.003",".308","5.679","36.161","2.463","28.772","2.908","21.629","19.302","22.074","17.009","2.704",".376","16.906"
"2016","1423","55","44","","","3","84","3.3","100","20.87","0","1.739","0","6.957","29.565","6.087","29.565","5.217","21.739","19.13","25.217","24.348","3.478","1.739","4.348"
"2016","1431","19","81","","","2","93","4.1","100","23.323",".082","3.979",".118","4.133","28.299","2.03","33.249","4.786","17.874","20.149","29.049","21.363","4.84",".761","5.964"
"2016","1432","12","88","","","1","98","3.1","100","21.674",".078","3.091",".078","2.778","25.117","2.074","41.002","4.108","15.93","23.053","32.25","22.27","3.17",".196","3.131"
"2016","1434","31","69","","","1","97","4.1","100","29.415",".189","6.374",".094","2.644","27.668","2.077","27.195","4.344","24.835","21.152","24.127","16.667","2.833",".189","10.198"
"2016","1435","34","66","","","0","99","5.7","100","16.252","0","2.635","0","5.93","36.237","4.246","30.161","4.539","24.085","20.205","23.865","19.253","3.075",".293","9.224"
"2016","1451","18","82","","","0","100","6.6","100","25.687",".162","5.331",".162","12.924","30.372","1.696","20.598","3.069","12.692","11.884","17.785","23.282","4.204",".323","29.83"
"2016","1452","27","73","","","0","97","5.5","100","28.072","0","5.125",".349","2.504","26.5","1.805","31.392","4.252","22.552","23.193","23.951","18.065","3.205",".117","8.916"
"2016","1454","40","60","","","0","98","17.9","100","23.814",".173","5.436","1.035","3.71","32.097","3.538","27.179","3.02","18.739","11.744","16.58","24.525","8.895",".691","18.826"
"2016","1511","45","55","","","0","99","4.6","100","13.503",".165","1.976",".165","9.963","43.681","3.829","23.466","3.252","9.3","16.461","31.07","29.136","6.132",".782","7.119"
"2016","1512","61","39","","","0","100","4.1","100","10.649","0","1.04",".099","9.708","46.211","4.557","24.913","2.823","9.316","22.844","37.512","25.471","3.617",".347",".892"
"2016","1513","76","24","","","2","82","6.7","100","7.253",".086","1.159",".172","27.039","40.773","4.421","17.039","2.06","11.459","16.052","24.335","21.116","6.094","1.545","19.399"
"2016","1521","77","23","","","0","99","5.5","100","7.541",".135","1.175",".037","17.885","48.011","4.382","18.68","2.154","18.546","19.77","27.115","20.113","2.828",".147","11.482"
"2016","1522","77","23","","","1","97","5.2","100","5.585","0",".867",".096","14.203","47.28","7.415","22.484","2.07","19.096","17.605","23.377","22.463","4.329",".289","12.843"
"2016","1523","47","53","","","1","98","3.9","100","22.763",".103","3.621",".103","4.759","27.315","3.156","34.247","3.932","22.079","25.646","26.939","18.252","1.551",".103","5.429"
"2016","1524","51","49","","","0","99","6.4","100","17.853",".123","3.826",".123","8.021","38.749","3.373","24.887","3.044","20.156","22.295","25.915","18.387","2.427",".247","10.572"
"2016","1525","45","55","","","3","95","5","100","13.156",".069","1.588",".104","9.461","38.57","3.971","30.594","2.486","25.285","26.39","25.389","13.506","2.314",".138","6.978"
"2016","1526","47","53","","","2","97","3.1","100","20.158","0","4.941",".395","5.534","31.423","3.162","31.423","2.964","22.88","26.036","27.219","14.596","1.775","0","7.495"
"2016","2111","79","21","","","4","95","2.3","100","13.78","0","19.685","57.48","0","2.362",".787","3.543","2.362","19.841","23.81","28.968","19.444","6.349","0","1.587"
"2016","2112","56","44","","","2","97","3.1","100","35.484",".865","24.941","25.177","0","2.439",".157","6.373","4.563","18.789","25.236","31.997","17.846","2.752",".629","2.752"
"2016","2113","74","26","","","8","84","7.5","100","44.419","0","33.488","13.488","0",".93","0","2.558","5.116","23.31","22.844","24.242","20.513","6.294","1.865",".932"
"2016","2114","69","30","","","4","94","5.6","100","31.373","0","23.529","23.529","0","0","0","3.922","17.647","14.583","25","33.333","22.917","4.167","0","0"
"2016","2115","81","18","","","5","92","7.3","100","30.435","1.739","19.13","27.826","1.739","9.565","0","6.957","2.609","16.667","21.93","24.561","23.684","5.263","3.509","4.386"
"2016","2121","46","54","","","2","95","4.3","100","31.776",".647","32.782","28.541","0","1.366",".144","2.66","2.085","28.058","30.863","22.302","11.727","2.158",".432","4.46"
"2016","2122","82","17","","","7","79","2.8","100","58.491","0","12.264","4.717","0","3.774","4.717","12.264","3.774","12.037","22.222","31.481","25.926","3.704","2.778","1.852"
"2016","2123","71","29","","","7","77","3","100","29.87","0","11.688","5.628","3.896","13.853","6.926","22.511","5.628","17.316","18.615","19.481","17.316","10.823","3.03","13.42"
"2016","2131","83","17","","","7","89","3.9","100","53.77",".074","23.239","3.708","0","2.744",".915","9.345","6.205","24.672","21.533","24.598","17.429","6.007","1.063","4.697"
"2016","2132","90","10","","","5","91","3.7","100","51.195",".089","21.116","3.209","0","2.302","2.081","14.033","5.976","25.05","20.292","27.617","17.858","4.249",".775","4.16"
"2016","2133","90","10","","","5","91","3.8","100","52.44","0","21.68","4.653",".05","1.962","1.408","11.72","6.087","22.535","22.862","28.144","19.266","4.452",".453","2.289"
"2016","2134","74","26","","","5","92","4.4","100","57.23",".243","22.965","6.318","0","1.215",".608","7.533","3.888","28.589","21.533","25.791","14.842","4.623",".365","4.258"
"2016","2141","81","19","","","3","95","3.7","100","45.485",".136","16.836","1.833","0","6.993","2.512","19.62","6.585","21.996","24.644","28.921","16.565","4.209",".407","3.259"
"2016","2142","85","15","","","4","94","2.7","100","44.751","0","27.624","15.47","0","1.105","1.657","4.972","4.42","22.652","20.994","30.387","18.232","3.867","1.105","2.762"
"2016","2143","88","12","","","5","91","6.9","100","58.911","0","17.327","5.446","0","1.485","0","10.891","5.941","30.348","21.891","19.403","16.418","5.97",".995","4.975"
"2016","2144","85","15","","","5","93","4.4","100","45.802","0","37.405","7.634","0","0","0","5.344","3.817","34.091","15.152","24.242","12.121","7.576","3.788","3.03"
"2016","2145","80","18","","","15","83","10.8","100","45.763","0","11.864","10.169","0","0","5.085","18.644","8.475","25","20","26.667","20","5","0","3.333"
"2016","2146","88","12","","","3","95","2.6","100","44.603",".407","28.106","4.277","0","3.666","2.444","12.016","4.481","26.626","22.764","26.22","17.683","3.862",".813","2.033"
"2016","2147","88","12","","","5","92","2.9","100","44.148","0","22.029","3.293","0","4.806","1.113","18.38","6.231","20.4","34.489","30.533","11.156","1.378",".133","1.911"
"2016","2148","77","23","","","3","93","3.4","100","36.593",".631","22.397","14.196","0","6.625","1.577","12.934","5.047","22.222","25.079","21.905","16.825","3.175","0","10.794"
"2016","2151","70","30","","","14","72","2.7","100","44.195",".15","40.599",".599","0","1.348",".3","5.243","7.566","23.838","25.187","21.364","18.966","6.522","1.799","2.324"
"2016","2152","58","42","","","15","71","2.1","100","54.891","1.087","28.261","0","0","2.174","0","5.435","8.152","20.652","22.283","19.565","22.283","7.609","1.087","6.522"
"2016","2153","55","45","","","4","91","2.9","100","43.474","0","36.15",".751","0","5.446","1.408","9.577","3.192","31.643","23.568","19.812","14.742","5.164",".282","4.789"
"2016","2154","91","9","","","8","87","5.2","100","34.375",".521","4.948","0","0","17.969","2.865","33.594","5.729","22.857","16.104","27.273","25.195","5.455","1.558","1.558"
"2016","2161","53","47","","","1","97","3.2","100","49.088","0","30.293","9.516","0","4.441",".159","2.141","4.362","35.686","25.377","19.191","9.04","1.427",".238","9.04"
"2016","2171","72","28","","","9","86","3.4","100","41.75",".127","16.688","1.134",".036","9.666",".776","23.413","6.41","20.574","30.888","29.445","14.268","1.674",".115","3.038"
"2016","2172","65","34","","","3","95","3.5","100","42.496",".099","17.533","1.734","0","9.212",".594","22.684","5.646","19.732","28.954","30.441","15.27","1.19","0","4.412"
"2016","2173","83","17","","","5","92","3.1","100","49.613",".077","24.574","3.87",".039","6.25",".368","10.12","5.089","28.859","30.348","24.739","8.646",".774",".077","6.557"
"2016","2174","81","19","","","5","90","3.6","100","45.949",".065","17.315","2.182",".043","9.721",".518","18.784","5.422","28.635","28.17","23.342","9.711","1.199",".076","8.868"
"2016","2175","69","31","","","6","74","5.7","100","39.172","0","8.148",".523","0","15.686",".871","30.588","5.011","38.814","26.995","16.005","5.19",".916",".262","11.819"
"2016","2211","51","49","","","0","99","6.3","100","32.586",".393","9.815","1.739","0","18.732","1.963","30.062","4.711","23.331","24.004","25.463","13.012","1.626",".28","12.283"
"2016","2212","80","20","","","2","94","8.4","100","15.805","0","4.023","2.011","0","23.276","8.621","41.379","4.885","27.507","22.35","19.484","13.467","2.006",".573","14.613"
"2016","2221","46","54","","","1","98","8.3","100","31.25",".536","16.429","4.286",".357","18.75","2.679","22.857","2.857","28.064","21.137","16.341","9.591","1.421",".355","23.091"
"2016","2222","55","45","","","0","99","3.5","100","30.455","2.727","10.455","1.364","0","22.727","3.636","25","3.636","22.273","22.273","25","22.273","3.636",".909","3.636"
"2016","2223","80","20","","","1","94","10","100","18.447","0","4.854","2.427","0","11.65","4.369","53.883","4.369","24.638","14.493","23.671","19.324","1.932","1.449","14.493"
"2016","2224","71","29","","","0","100","11.5","100","19.298","0","8.772","0","0","17.544","2.339","45.614","6.433","26.946","25.749","19.76","11.377","0","0","16.168"
"2016","2225","74","26","","","6","77","5.3","100","15.88",".15","3.296",".3","7.266","21.049","9.588","35.581","6.891","29.139","19.401","18.052","13.633","3.82",".749","15.206"
"2016","2231","85","15","","","2","96","5.9","100","14.14","0","2.828",".471","0","18.225","3.614","56.716","4.006","22.877","17.217","20.833","13.679","2.673",".236","22.484"
"2016","2232","91","9","","","3","94","3.4","100","14.745","0","4.016",".402",".115","17.613","9.466","49.684","3.959","20.884","18.703","25.531","16.007","2.697",".172","16.007"
"2016","2233","81","19","","","1","97","3.5","100","19.063",".317","4.75",".507","0","23.433","7.156","40.215","4.56","18.556","23.939","30.082","16.529","2.47",".127","8.296"
"2016","2234","87","13","","","7","88","3.2","100","21.809","0","3.457",".133","4.987","18.152","10.106","37.234","4.122","22.074","20.612","23.737","21.676","4.987",".997","5.918"
"2016","2241","89","11","","","2","94","4.8","100","12.256",".065","2.901",".489","1.728","16.623","8.344","52.868","4.726","18.123","17.34","26.793","20.73","3.357",".228","13.429"
"2016","2242","92","8","","","5","84","4.9","100","12.047",".047","2.165",".188","5.553","26.212","9.059","40.635","4.094","22.306","22.165","26.706","16.706","2.941",".259","8.918"
"2016","2243","91","9","","","1","96","4.9","100","9.003","0","1.286","0","2.251","8.682","10.932","66.238","1.608","20.712","19.417","26.214","23.948","3.56","0","6.149"
"2016","2244","89","11","","","2","97","3","100","10.649","0","3.377","0","0","18.442","8.312","55.844","3.377","21.818","21.818","22.857","20","2.338",".519","10.649"
"2016","2251","71","29","","","7","81","3.3","100","26.471","0","9.069",".368","0","5.882",".49","52.696","5.025","32.234","21.245","21.734","10.501","2.564",".366","11.355"
"2016","2252","69","30","","","8","78","2.8","100","38.034","0","6.838",".712","0","12.536","2.991","32.336","6.553","29.345","23.932","21.795","13.39","3.704",".57","7.265"
"2016","2253","71","29","","","1","92","4.6","100","21.809","0","5.053",".199",".133","14.295","3.191","50.266","5.053","23.987","20.332","24.784","16.146","4.385",".332","10.033"
"2016","2254","91","9","","","2","97","9.2","100","15.541","0","0","0","5.405","23.649","4.054","46.622","4.73","24.324","5.405","14.189","13.514","4.73","0","37.838"
"2016","2255","64","36","","","2","96","5","100","47.379",".419","10.482","1.048","0","8.176",".839","26.415","5.241","30.189","26.625","20.755","12.998",".629",".419","8.386"
"2016","2261","89","11","","","2","95","6.3","100","10.968",".645","1.29","0","0","21.935","21.935","40","3.226","25.484","19.032","26.129","20.968","3.226","0","5.161"
"2016","2262","76","24","","","4","91","4.4","100","24.924",".608","8.207","0","0","19.149","8.207","34.043","4.863","19.512","20.122","30.488","20.732","6.098",".915","2.134"
"2016","2263","57","43","","","0","100","4","100","33.053",".297","9.217",".991","3.023","13.726","5.203","26.165","8.325","21.506","25.124","27.998","17.393","3.271",".297","4.41"
"2016","2264","87","13","","","9","84","5.4","100","19.265","0","3.178",".397","0","17.676","12.81","41.509","5.164","16.286","19.364","29.096","24.628","5.164",".596","4.866"
"2016","2271","93","7","","","2","96","2","100","25.682",".188","2.634",".188",".188","15.334","5.644","45.72","4.421","22.013","25.118","28.222","17.498","2.07",".564","4.516"
"2016","2272","76","24","","","0","100","2.5","100","26.695","0","1.695","0","0","25.847","6.356","34.746","4.661","21.702","28.511","25.106","14.468","2.128","0","8.085"
"2016","2273","85","14","","","4","93","9.6","100","17.568","0","2.703","0","0","29.73","11.486","35.135","3.378","12.838","18.243","27.703","27.703","6.757","0","6.757"
"2016","2274","95","5","","","0","92","12.5","100","34.694","0","4.082","0","0","6.122","8.163","42.857","4.082","20.408","22.449","26.531","24.49","6.122","0","0"
"2016","2275","84","16","","","0","100","0","100","17.172","0","0","0","4.04","35.354","11.111","33.333","-1.01","30.303","28.283","23.232","13.131","0","0","5.051"
"2016","2281","79","21","","","2","95","3.5","100","26.453",".155","6.182",".252","1.957","16.647","1.841","41.163","5.349","23.561","29.607","26.623","12.73","1.104",".078","6.297"
"2016","2282","77","23","","","1","97","4.8","100","27.447",".056","6.229",".501","1.974","18.576","2.253","38.71","4.255","27.146","26.507","24.201","12.281","1.306",".111","8.447"
"2016","2283","53","47","","","4","95","5.3","100","43.757",".32","14.194",".32",".854","12.7",".747","21.025","6.083","26.972","30.81","23.987","10.341","1.066","0","6.823"
"2016","3011","7","93","","","0","99","2.3","100","37.625",".332","8.804",".166","0","3.987","1.08","39.618","8.389","17.872","23.275","30.84","22.527","3.574",".249","1.663"
"2016","3012","7","93","","","0","99","1.7","100","42.665",".519","4.351",".203",".025","1.388","1.042","42.418","7.389","24.736","22.088","26.41","18.359","3.704",".188","4.514"
"2016","3111","62","38","","","35","49",".8","100","2.345","72.157","17.673","7.415","0","0","0",".059",".352","19.056","26.415","23.131","18.411","9.733","2.932",".322"
"2016","3112","54","46","","","34","47",".8","100",".98","79.078","14.238","5.303","0","0",".045",".045",".312","27.658","21.373","21.306","18.052","8.959","2.05",".602"
"2016","3113","60","39","","","44","31","1.1","100",".563","83.549","12.451","3.268","0",".113","0",".113","-.056","16.385","25.225","27.14","20.158","9.403","1.577",".113"
"2016","3114","43","57","","","23","61","1.9","100","1.813","83.679","10.751","3.627","0","0","0","0",".13","23.964","22.539","28.756","18.135","5.311",".648",".648"
"2016","3121","44","56","","","35","16",".4","100","2","89.778","5.778","2.222","0","0","0","0",".222","30.531","26.106","18.363","19.248","4.646",".664",".442"
"2016","3122","65","35","","","24","18","1","100","16.732","31.518","4.021","16.083",".259",".649","0","3.761","26.978","24.968","32.083","23.933","14.489","3.105","1.035",".388"
"2016","3124","12","88","","","2","84","2.5","100","21.901","4.693","50.181","1.805","0","1.805",".361","3.851","15.403","27.218","28.657","26.619","15.108","1.319","0","1.079"
"2016","3125","32","67","","","12","25","1.7","100","33.58","17.531","9.383","2.716","0",".741",".741","12.099","23.21","26.42","35.309","22.469","11.358","3.704",".741","0"
"2016","3131","42","58","","","13","83","1.9","100","66.538","4.934","8.52","6.168","0",".655",".154","1.079","11.951","28.731","26.263","23.833","15.812","3.625",".771",".964"
"2016","3132","5","95","","","3","82","2","100","51.484",".571","21.575",".913","0","2.283","1.027","14.155","7.991","28.62","28.392","24.515","12.657","2.737",".228","2.851"
"2016","3141","7","93","","","4","82","1.7","100","5.221","0","86.613","4.418","0","0","0","1.606","2.142","29.987","29.05","26.238","12.048","1.339",".268","1.071"
"2016","3142","28","72","","","9","70","2.1","100","40.816","1.224","41.341","2.741","0",".408",".35","4.431","8.688","32.653","32.187","20.525","10.904","2.507",".233",".991"
"2016","3143","7","93","","","2","82","2.5","100","37.587","0","52.642",".499",".199",".199",".299","2.991","5.583","34.331","34.631","21.756","7.485",".998","0",".798"
"2016","3144","22","78","","","3","82","2.9","100","56.527","0","10.837",".246","0","3.202",".862","20.197","8.128","41.43","20.715","15.413","6.412","2.096","0","13.933"
"2016","3211","24","76","","","0","100","1.5","100","37.287",".71","4.83","1.207","0","2.841",".639","46.662","5.824","19.318","21.165","28.977","23.651","3.054",".142","3.693"
"2016","3212","16","84","","","0","99","3.8","100","26.226",".654","1.831",".131",".131","9.287","3.793","51.733","6.213","21.438","25.817","25.817","16.928","2.876",".131","6.993"
"2016","3213","9","91","","","1","99","4.9","100","13.787","2.686","1.164",".358","0","14.951",".985","62.31","3.76","38.317","19.696","12.444","4.208",".716","0","24.62"
"2016","3214","31","70","","","1","98","2","100","37.559","3.13","3.13","0","0","1.565",".469","49.296","4.851","33.02","28.795","23.161","11.111",".782","0","3.13"
"2016","3215","25","75","","","0","99","1.2","100","35.308","1.974","3.721",".228","0","2.43","1.519","47.608","7.213","27.218","23.654","26.308","15.694","2.199",".152","4.776"
"2016","3216","15","85","","","2","94",".9","100","32.23","17.77","4.355","1.568","0","1.394","1.045","34.669","6.969","23.05","20.797","29.289","19.411","2.253",".347","4.853"
"2016","3217","17","83","","","1","97","1.8","100","21.596","4.695","3.756",".939","0","4.695","2.817","56.808","4.695","25.822","22.535","23.005","19.718","2.347","0","6.573"
"2016","3219","16","84","","","1","98","3.6","100","20.742","1.467","2.814",".389",".06","17.031","2.454","50.374","4.669","27.177","24.394","22.059","11.374",".838",".06","14.098"
"2016","3221","69","32","","","26","31","0","100","11.852","6.667","0","0","0","8.889","2.222","68.889","1.481","22.059","22.059","30.147","13.971","7.353","1.471","2.941"
"2016","3222","2","98","","","1","93","2.2","100","12.035","2.655",".752",".177","0","1.062",".885","76.327","6.106","30.075","26.36","26.316","10.571","1.106","0","5.573"
"2016","3223","59","41","","","10","76","2.8","100","8.193","2.41","1.928",".482","4.096","21.205","6.747","49.88","5.06","15.144","22.115","28.125","24.279","6.01",".481","3.846"
"2016","3231","42","57","","","15","79","1.9","100","19.268","1.752","1.752","0","0","8.121","2.548","61.943","4.618","19.108","20.064","27.229","20.541","5.892",".478","6.688"
"2016","3232","30","70","","","14","24","2.5","100","26.714","6.857","8.714","4.429","2","8.429","6.143","29.286","7.429","9","21.857","32.857","27.143","7.429","1.143",".571"
"2016","3233","9","91","","","0","99","2.3","100","10.777",".653","1.213",".047","0","2.379","2.659","77.98","4.292","31.164","23.676","20.854","14.952","1.936",".047","7.371"
"2016","3234","64","36","","","0","99","1.8","100","20.639",".471","1.1",".262","0","2.881","1.257","70.613","2.776","36.073","28.22","19.948","8.586","1.047",".105","6.021"
"2016","3236","20","80","","","5","33","1.6","100","21.617",".923","1.67",".308","0","2.636","4.394","64.192","4.262","27.504","33.831","23.594","9.49","1.67",".176","3.735"
"2016","3237","18","82","","","2","93","3.6","100","31.226","1.054","2.682",".575","1.245","6.992","1.82","49.808","4.598","28.517","28.421","15.981","10.239","1.34","0","15.502"
"2016","3411","1","99","","","0","99","3.3","100","6.255","2.99","1.18",".197",".551","5.862","4.878","75.216","2.872","28.116","27.448","23.909","9.988",".944",".079","9.516"
"2016","3413","11","89","","","0","98","3.2","100","10.107",".472","1.075",".119","3.887","15.021","10.681","54.567","4.072","17.994","22.191","28.048","20.036","3.51",".239","7.982"
"2016","3414","20","80","","","1","97","4","100","18.05","1.179","2.086",".181","4.626","28.254","6.168","36.236","3.22","20.454","21.633","23.447","16.145","3.084",".181","15.057"
"2016","4011","57","43","","","0","100","5.1","100","4.243","1.132","16.266","77.309","0","0",".04",".04",".97","15.229","26.257","26.439","21.289","8.948","1.192",".646"
"2016","4012","44","56","","","0","98","15.3","100","33.353",".771","33.946","10.103",".04","15.204",".257","4.073","2.254","41.649","11.504","7.057","4.507","1.028",".079","34.177"
"2016","4021","45","55","","","2","92","7.6","100","28.193",".475","24.612","6.084","1.261","8.515","3.38","20.3","7.181","14.904","22.74","28.164","23.598","6.849",".621","3.123"
"2016","4031","40","60","","","0","100","1.5","100","58.978",".095","19.095","1.353",".063",".609",".245","1.591","17.971","21.275","32.004","27.724","13.894","3.426",".293","1.385"
"2016","4032","17","83","","","0","100","1.6","100","64.355",".089","14.78",".343",".065",".903",".169","2.907","16.389","25.899","33.736","25.496","10.389","2.229",".117","2.133"
"2016","4033","24","76","","","1","97","6.1","100","38.028","0","26.408","1.127","0","8.944",".493","17.254","7.746","21.941","23.629","25.738","16.807","3.868",".141","7.876"
"2016","4111","66","34","","","0","99","1.1","100","57.865","0","20.225","2.247","0","0","0","0","19.663","0","2.247","16.292","40.449","41.011","0","0"
"2016","4112","58","42","","","11","61","2.2","100","50.214",".285","21.764","4.107",".065",".039","0",".026","23.5","25.402","25.622","21.153","17.073","8.238","1.826",".687"
"2016","4151","23","77","","","6","55","1.5","100","16.307",".952","41.371","37.881",".19","0","0",".127","3.173","18.972","21.827","21.51","21.764","11.421","2.348","2.157"
"2016","4152","16","84","","","1","96","2.4","100","35.697",".111","38.688",".51",".044","3.036",".421","16.552","4.941","26.512","27.176","25.714","14.773","3.322",".244","2.259"
"2016","4153","21","79","","","2","85","2.8","100","28.436",".126","29.382","1.955",".883","4.351",".694","27.995","6.179","25.442","21.78","21.338","19.318","5.934",".758","5.429"
"2016","4154","75","25","","","1","94","1.8","100","22.815",".08","40.297","7.137","2.045","7.097","1.243","13.152","6.135","10.87","19.414","24.228","27.918","12.475","3.49","1.604"
"2016","4155","31","68","","","0","100",".5","100","81.519","0","9.367","0","0","0","0","5.063","4.051","21.013","30.633","30.127","13.924","2.532","0","1.772"
"2016","4156","25","75","","","2","93","5","100","39.147",".284","10.142","1.043",".19","10.332","1.137","32.227","5.498","19.943","25.261","28.3","16.999","4.179",".285","5.033"
"2016","4161","53","47","","","5","89","3.3","100","36.845",".297","30.663","8.704",".099","7.023","1.286","10.682","4.402","25.025","29.624","22.552","13.65","3.561",".544","5.045"
"2016","4162","56","44","","","2","96","2.9","100","36.995","0","38.682","6.387",".102","4.957",".307","7.614","4.957","30.301","28.309","22.688","11.191","2.248",".204","5.059"
"2016","4163","49","51","","","7","83","4.6","100","44.476",".16","16.266","1.057",".144","13.272","1.185","17.867","5.572","30.698","25.176","20.663","11.508","3.009",".336","8.611"
"2016","4164","34","66","","","3","93","3.4","100","36.889",".287","35.057","3.341","0","6.897",".323","11.746","5.46","27.576","28.007","23.734","13.142","2.334",".287","4.919"
"2016","4165","26","74","","","2","93","3.7","100","33.041","3.019","34.761","8.049",".065","4.739",".389","11.392","4.544","29.318","27.597","22.435","12.825","2.565",".357","4.903"
"2016","4166","28","72","","","4","89","3.8","100","38.74",".178","30.957","5.348","0","4.813",".416","12.894","6.655","21.819","25.862","24.316","18.312","4.875",".297","4.518"
"2016","4167","36","64","","","2","95","3.8","100","43.185","0","7.898",".637","0","10.191","1.019","32.357","4.713","36.768","24.936","17.684","10.687","2.163",".254","7.506"
"2016","4168","44","56","","","0","100","8.3","100","36.999",".149","25.26","3.343",".892","12.036",".669","15.453","5.201","19.005","30.883","26.8","16.63","3.267",".297","3.118"
"2016","4169","40","60","","","5","79","5.7","100","34.504","0","36.777","9.091","0","6.405",".826","6.818","5.579","29.046","23.237","19.087","13.9","8.299",".83","5.602"
"2016","4211","17","83","","","3","88","3.7","100","24.449","0","4.76",".421",".777","10.751","1.036","52.234","5.57","26.846","22.28","24.352","16.354","4.048",".259","5.861"
"2016","4212","21","79","","","0","98","3.7","100","28.664",".204","6.955",".253","2.224","10.287","1.603","44.866","4.944","27.062","24.002","23.225","13.929","1.923",".126","9.733"
"2016","4214","3","97","","","1","94","4.2","100","18.061",".115","3.054",".09","3.095","13.152","2.184","55.931","4.318","28.659","23.988","20.754","9.572","1.404",".074","15.549"
"2016","4215","13","87","","","0","95","3.6","100","34.355","0","10.645","0",".323","7.581","1.129","37.742","8.226","33.494","26.409","19.646","10.95","1.288",".322","7.89"
"2016","4216","46","54","","","6","66","9","100","29.769",".655","10.258","2.008","8.861","22.654","4.19","15.234","6.373","15.438","16.223","20.41","17.226","6.236",".916","23.55"
"2016","4217","43","57","","","1","84","5.3","100","25.497",".362","15.913","3.255","7.957","18.445","1.989","19.53","7.052","16.637","16.998","18.445","21.157","12.839","3.436","10.488"
"2016","4311","78","22","","","0","100",".6","100","31.192",".067","2.209",".084",".034","13.724","2.108","46.131","4.451","22.08","36.272","32.462","6.59",".758",".084","1.753"
"2016","4312","94","6","","","0","100","1","100","15.478","0","1.008","0","1.008","20.677","7.699","50.907","3.225","21.184","29.319","31.776","13.25",".725",".081","3.665"
"2016","4313","84","16","","","0","100","3","100","8.269",".067","1.89",".101","5.332","49.409","8.032","24.772","2.126","35.246","24.983","19.885","3.68",".169",".135","15.901"
"2016","4411","4","96","","","1","65","5.2","100","18.567",".276","1.394",".069","13.556","31.391","3.976","25.276","5.494","19.644","26.505","21.314","15.751","4.983",".704","11.099"
"2016","4412","9","91","","","1","90","4.3","100","13.275",".264","1.11",".139","8.892","20.169","8.295","42.655","5.202","15.409","22.164","26.879","23.121","5.839",".513","6.075"
"2016","4413","10","90","","","0","99","3.7","100","17.74",".208","4.157",".255","4.991","18.157","2.849","48.309","3.335","15.518","23.451","29.079","19.722","3.88",".417","7.933"
"2016","4421","75","25","","","0","100","3.9","100","10.309","0","0","0","2.062","47.423","9.278","31.959","-1.031","11.224","22.449","23.469","14.286","14.286","3.061","11.224"
"2016","4422","65","35","","","0","100","1.2","100","17.121","0","1.167","0",".156","21.401","3.424","54.708","2.023","20.717","30.53","29.673","15.109","2.492",".156","1.324"
"2016","4423","64","36","","","0","100","2.5","100","17.172","0","2.02",".224","0","23.232","4.826","48.597","3.928","24.804","23.12","28.283","15.152","2.469",".224","5.948"
"2016","5111","18","82","","","0","100","1.9","100","13.69","0","68.449","1.304","0","4.954",".522","9.387","1.695","21.569","20.654","21.046","28.366","6.928",".392","1.046"
"2016","5112","28","72","","","2","89","5.4","100","36.932","0","36.364","7.955","0","4.545","1.705","11.364","1.136","23.164","27.684","19.774","19.209","6.78","1.13","2.26"
"2016","5113","33","66","","","0","101","10.1","100","20.755","0","50.943","7.547","0","4.717","0","14.151","1.887","26.415","25.472","24.528","16.038","5.66","0","1.887"
"2016","5121","46","54","","","9","52","4.7","100","45.184",".317","17.836","4.043","1.467","10.9","1.11","15.537","3.607","21.046","22.077","22.473","18.312","8.403","2.22","5.47"
"2016","5122","40","60","","","5","69","4.7","100","46.796",".129","19.094","2.718",".129","10.162",".712","17.411","2.848","25.356","23.933","20.375","17.076","6.468","1.035","5.757"
"2016","5123","53","47","","","2","82","5.3","100","47.581",".23","19.124",".691","1.267","7.604",".576","19.585","3.341","27.304","18.779","20.392","16.59","6.336","1.613","8.986"
"2016","5125","31","69","","","5","59","6.4","100","40.756","1.366","23.739","2.521","1.786","7.458","1.05","15.336","5.987","12.907","21.301","26.128","23.82","11.333","1.679","2.833"
"2016","5131","64","36","","","17","63","4","100","41.215","0","9.159",".44","1.805","14.971",".881","28.402","3.126","30.546","26.408","21.567","12.852","2.289",".308","6.03"
"2016","5132","61","39","","","12","48","3.3","100","31.624","0","20.228","3.134","4.558","23.077","1.14","13.105","3.134","18.803","18.234","21.083","20.228","13.105","2.564","5.983"
"2016","5133","49","51","","","4","40","4.6","100","34.256",".109","14.925","1.857","5.424","22.388","1.602","14.78","4.66","20.648","17.553","17.99","19.665","8.339","2.221","13.583"
"2016","5134","14","86","","","5","64","4.8","100","23.107",".257","3.081",".257","15.918","32.606","3.338","19.641","1.797","27.763","15.039","8.612","6.684","2.442",".257","39.203"
"2016","5135","55","45","","","5","51","16.5","100","34.107","0","5.568",".464","4.06","25.986","2.784","24.246","2.784","30.823","21.9","15.527","11.935","4.751",".927","14.137"
"2016","5136","43","57","","","7","30","4.6","100","31.293","0","10.987",".834","5.563","20.932","3.129","23.922","3.338","16.493","18.372","19.207","24.913","11.343","3.271","6.402"
"2016","5211","13","87","","","0","100","3.3","100","31.532","0","13.063",".45",".751","13.063","1.051","34.835","5.255","13.363","15.165","28.529","31.532","4.054","0","7.357"
"2016","5212","42","58","","","2","92","17.9","100","33.721","0","10.233","1.395","6.977","27.209","2.558","14.186","3.721","23.023","10.698","13.953","11.86","6.047","0","34.419"
"2016","5221","52","48","","","10","32","7.8","100","26.099",".213","3.546",".638","4.113","22.128","2.766","36.383","4.113","28.561","24.947","17.222","13.607","4.536",".638","10.489"
"2016","5222","87","13","","","9","61","9.5","100","19.231","0","2.564",".513","3.077","26.923",".769","42.821","4.103","35.806","14.834","17.136","15.345","1.279","0","15.601"
"2016","5223","73","27","","","7","76","6.8","100","24.762","0","3.175","0","4.444","18.413","4.127","41.27","3.81","35.759","18.354","22.785","10.759","2.215","1.266","8.861"
"2016","5224","83","17","","","2","95","2.1","100","21.739","0","3.913","0","3.043","13.478","1.304","51.304","5.217","35.217","23.043","19.565","12.609","1.739","0","7.826"
"2016","5225","85","15","","","5","75","5.9","100","23.268","0","2.489","0","4.329","17.532","2.706","45.779","3.896","31.853","26.869","16.793","9.859","1.842","0","12.784"
"2016","5226","55","45","","","5","87","7.1","100","29.4","0","5.487",".518","2.899","21.429","5.59","30.228","4.451","28.025","22.337","23.888","14.374","2.896",".207","8.273"
"2016","5227","66","34","","","3","86","12.2","100","23.922","0","2.782","0","6.676","27.538","5.702","30.181","3.199","31.433","17.942","17.663","12.1","3.616",".278","16.968"
"2016","5231","65","35","","","4","82","5","100","22.922","0","2.519","0","5.038","22.922","1.511","42.065","3.023","26.382","22.864","22.613","13.819","4.02","1.005","9.296"
"2016","5232","49","51","","","6","51","10.6","100","20.086","0","2.808","0","12.959","35.421","4.968","20.518","3.24","31.102","19.654","13.607","9.503","3.672",".648","21.814"
"2016","5241","51","49","","","6","69","5.3","100","29.205","0","3.919",".209","1.75","12.005","1.408","46.138","5.365","33.403","26.536","18.033","10.938","1.902",".228","8.959"
"2016","5242","21","79","","","14","57","4","100","33.142","0","4.304","0","2.917","12.434","2.391","38.594","6.217","24.474","20.985","25.669","17.591","4.78",".765","5.736"
"2016","5243","30","70","","","10","63","5.8","100","30.687",".194","3.485",".194","3.195","19.748","2.904","33.301","6.292","30.978","21.878","19.748","12.875","3.195","1.162","10.165"
"2016","5244","38","62","","","7","46","3.2","100","16.281",".193","4.046",".482","11.946","28.42","7.514","27.264","3.854","14.947","16.49","25.265","25.651","10.415","1.832","5.4"
"2016","5245","47","51","","","11","62","5.9","100","8.511","0","4.255","0","6.383","21.277","12.766","40.426","6.383","10.417","22.917","16.667","31.25","12.5","0","6.25"
"2016","5251","83","17","","","5","75","17.9","100","17.978","0","2.809","0","13.483","52.809","1.124","8.427","3.371","43.333","10","8.333","3.889","1.111","1.111","32.222"
"2016","5252","53","47","","","8","63","6.3","100","38.724",".297","10.089","1.335","1.78","20.772","2.374","19.436","5.193","25.592","23.077","24.112","16.568","4.142",".296","6.213"
"2016","5253","78","21","","","1","94","33.2","100","7.571","0","2.208","0","56.151","24.921",".946","6.94","1.262","5.994","4.416","5.678","3.47","2.208","1.577","76.656"
"2016","5254","41","59","","","4","83","14.3","100","19.185",".058","2.842",".14","19.091","32.545","2.924","19.697","3.518","17.566","11.532","9.994","5.917","2.12",".349","52.522"
"2016","6211","37","63","","","1","98","3.9","100","14.825",".087","2.071",".109","10.203","43.689","2.878","23.261","2.878","23.763","19.01","19.86","12.971","1.853",".109","22.433"
"2016","6221","72","28","","","4","92","3.4","100","34.457",".16","6.522",".596","3.501","21.281","2.876","26.249","4.358","21.825","25.429","27.521","15.969","3.531",".581","5.144"
"2016","6222","43","57","","","2","95","5.5","100","20.382",".066","2.371",".099","8.528","34.178","2.371","28.153","3.852","23.206","19.322","23.864","15.8","3.423",".362","14.022"
"2016","6231","44","56","","","5","88","2.4","100","29.171",".166","4.309",".166","2.247","23.131","4.604","31.51","4.696","22.192","21.657","24.622","20.792","5.82","1.087","3.831"
"2016","6232","54","46","","","5","70","1.6","100","29.636",".248","6.441",".518","2.158","17.273","5.632","32.398","5.696","15.015","21.012","26.782","22.295","10.98","2.276","1.64"
"2016","6235","40","60","","","2","95","3","100","34.968",".035","9.86",".19","1.571","21.948","1.934","23.623","5.871","29.403","25.173","22.807","13.76","1.606",".173","7.079"
"2016","6311","31","69","","","1","98","4.6","100","13.08","0","1.525","0","11.759","42.867","3.219","24.466","3.084","27.482","16.13","14.199","7.896","1.152",".068","33.074"
"2016","6312","14","85","","","1","100","5.7","100","14.679","0",".917",".917","16.514","38.073","5.046","22.018","1.835","15.668","22.581","25.806","28.111","5.53","0","2.304"
"2016","6313","46","54","","","1","98","3.6","100","14.731",".567","1.416",".567","5.382","34.561","3.116","36.827","2.833","15.581","32.011","28.045","17.564","1.7","0","5.099"
"2016","6314","35","65","","","0","100","3.4","100","21.104","0","4.545","0","4.113","34.848","3.139","28.463","3.788","29.469","25.46","25.785","13.218",".975","0","5.092"
"2016","6315","63","37","","","4","89","3","100","7.208","0","1.03",".229","16.247","41.304","8.009","23.57","2.403","13.714","17.371","35.429","26.286","3.2",".457","3.543"
"2016","6316","67","33","","","1","98","5.4","100","16.976","0","3.095",".265","7.515","32.626","3.006","32.803","3.714","25.795","17.138","20.23","15.194","3.975",".618","17.049"
"2016","6321","76","24","","","5","90","5.2","100","7.847",".057",".974",".095","17.831","26.079","13.65","30.183","3.284","27.148","22.241","23.578","13.326","1.451",".134","12.123"
"2016","6322","63","37","","","2","95","8.1","100","5.131",".053",".709",".045","25.223","41.935","6.881","18.236","1.788","20.489","13.782","16.445","12.025","2.18",".272","34.807"
"2016","6331","88","12","","","4","93","4.5","100","3.209","0","0","0","26.738","44.492","9.091","15.187","1.283","20.472","14.577","18.542","20.686","6.538",".643","18.542"
"2016","6332","40","60","","","3","90","5.9","100","8.144",".092","1.352",".154","22.034","40.197","5.839","19.453","2.735","18.777","16.994","21.389","15.55","2.612",".184","24.493"
"2016","6341","19","81","","","7","60","3.1","100","3.15",".07",".323","0","4.035","7.494","54.246","28.951","1.729","22.905","20.585","25.928","14.693","5.54","1.111","9.238"
"2016","6342","15","85","","","5","63","4.1","100","6.529","0","1.546","0","33.935","31.959","8.419","16.065","1.546","7.382","13.133","28.498","33.906","12.017","3.004","2.06"
"2016","6343","83","17","","","15","52","3.1","100","4.839","0","3.226","0","25.806","43.548","4.839","14.516","3.226","5","13.333","33.333","35","10","0","3.333"
"2016","6344","62","38","","","14","50","6.3","100","14.251",".483","1.449",".483","15.942","30.676","9.179","24.155","3.382","13.976","12.771","26.506","28.434","11.807","2.169","4.337"
"2016","6345","85","15","","","8","62","4","100","3.081","0",".56","0","35.014","36.695","12.045","12.325",".28","5.322","15.406","30.532","33.613","12.045","1.12","1.961"
"2016","6346","55","45","","","10","86","1.8","100","14.578","0",".512","0",".512","6.65","2.558","72.634","2.558","22.051","22.051","24.103","18.205","6.154","1.795","5.641"
"2016","6411","65","35","","","7","86","3.7","100","24.154",".102","3.374",".136","6.226","31.413","3.067","27.244","4.283","19.052","22.461","27.63","19.212","5.181",".738","5.726"
"2016","6421","43","57","","","2","94","7.4","100","13.918",".117","1.998",".111","13.124","43.387","3.528","20.738","3.08","17.193","11.682","15.299","15.01","4.899",".751","35.166"
"2016","6511","8","92","","","0","99","9.6","100","8.828","0",".49",".098","31.486","46.984",".736","9.956","1.422","8.002","3.289","3.584","2.111",".736",".098","82.18"
"2016","6512","41","59","","","1","99","6.8","100","17.24",".072","1.685",".108","9.068","41.075","3.943","23.943","2.867","39.154","14.701","9.753","5.737","1.757",".359","28.541"
"2016","6513","23","77","","","0","99","8.3","100","15.419",".055","1.377",".027","13.857","44.997","2.536","18.873","2.858","25.404","11.314","10.396","6.092","1.055",".13","45.607"
"2016","6521","22","78","","","4","88","3.2","100","21.787",".099","3.722",".248","2.829","20.546","4.268","42.283","4.218","18.173","20.755","25.372","21.847","8.193","1.043","4.618"
"2016","6522","21","79","","","0","100","3.8","100","28.09","0","1.988","0",".864","28.176","3.198","32.584","5.099","35.813","23.356","20.329","11.505","1.298","0","7.699"
"2016","6523","36","64","","","0","100","3.8","100","23.51","0","2.812",".225","2.7","29.696","3.375","32.171","5.512","20.721","20.27","25.901","18.018","2.59",".225","12.275"
"2016","6524","40","60","","","0","99","7.2","100","14.433","0","1.031","0","9.278","38.144","5.67","27.835","3.608","19.171","17.617","27.461","17.617","2.591","0","15.544"
"2016","6525","36","64","","","0","100","7.3","100","17.506","0","2.064",".165","6.358","31.709","2.395","35.508","4.294","32.618","16.35","14.286","9.992","3.055",".248","23.452"
"2016","6531","49","51","","","3","88","19.8","100","33.649","0","3.318","0","3.791","37.915","2.844","13.27","5.213","13.615","6.103","14.085","12.676","7.042","2.347","44.131"
"2016","6532","77","23","","","6","79","27.7","100","16.964","0","2.679","0","10.714","28.571","4.464","33.036","3.571","21.239","10.619","11.504","19.469","2.655","1.77","32.743"
"2016","6533","49","51","","","0","100","3","100","13.252","0","1.034","0","6.673","43.327","4.229","26.88","4.605","13.735","28.881","32.455","17.592","3.01",".188","4.139"
"2016","6541","75","25","","","0","98","6.5","100","13.491",".587","3.994",".437","7.713","32.785","4.996","32.14","3.856","21.959","15.571","16.699","16.952","9.034","1.818","17.965"
"2016","6551","26","74","","","0","100","4","100","24.94",".08","4.301",".096","2.76","35.163","2.327","25.694","4.638","29.406","17.095","19.262","14.061","1.38",".112","18.684"
"2016","6552","34","66","","","1","99","7.4","100","18.226",".173","2.907",".167","6.298","36.111","3.536","29.306","3.276","26.713","20.04","20.087","13.322","2.145",".173","17.52"
"2016","6561","17","83","","","12","46","3.2","100","29.439","0","10.28",".935","2.804","16.822","3.271","29.907","6.542","23.256","19.535","27.442","16.279","6.512",".93","6.047"
"2016","6562","8","92","","","6","68","4.4","100","7.8",".392","1.006",".074","13.221","21.118","18.862","34.682","2.845","30.152","24.804","21.369","9.593","1.398",".245","12.439"
"2016","6563","17","83","","","4","59","5.5","100","12.025",".208","2.082",".208","11.556","36.075","7.444","27.798","2.603","24.688","15.26","19.531","11.406","3.125",".469","25.521"
"2016","6564","16","84","","","7","41","5.3","100","7.746","0","3.521","0","31.69","21.831","6.338","26.056","2.817","14.286","25.714","30","19.286","6.429","","4.286"
"2016","6611","18","82","","","0","99","9","100","8.219",".131","1.328",".052","25.209","46.139","2.189","14.66","2.071","12.331","8.857","11.877","10.36","2.543",".258","53.773"
"2016","6621","71","29","","","2","96","9","100","8.402",".41","1.434",".307","28.381","40.061","4.918","14.242","1.844","14.447","9.631","11.783","12.295","4.098",".41","47.336"
"2016","6622","68","32","","","0","99","8.4","100","6.617",".058",".876",".025","25.436","48.319","2.536","14.606","1.528","16.306","10.904","13.564","12.358","2.891",".281","43.697"
"2016","6623","39","61","","","4","79","11","100","17.75",".134","3.9",".403","10.533","34.11","4.034","25.37","3.765","18.854","16.256","17.51","17.465","7.613","1.747","20.555"
"2016","6711","37","63","","","1","98","9.2","100","7.823",".11","1.149",".024","29.416","42.826","2.855","13.812","1.985","13.581","9.653","11.152","8.596","1.52",".193","55.304"
"2016","6721","70","30","","","1","94","13.6","100","11.406","0","1.326","0","13.528","42.175","5.04","21.751","4.775","19.577","13.492","19.841","16.402","2.646",".529","27.513"
"2016","6722","64","36","","","1","98","16.1","100","9.643","0","1.205","0","22.903","45.564","3.472","15.14","2.073","11.47","6.169","7.711","9.301","4.964",".771","59.614"
"2016","6731","26","74","","","2","80","6.5","100","5.262",".128",".519",".055","28.203","40.974","5.464","16.782","2.613","12.681","17.351","28.213","25.404","5.617",".549","10.184"
"2016","6732","86","14","","","5","81","8.7","100","3.78","0",".367",".073","23.229","50.202","6.459","14.569","1.321","20.404","15.45","18.275","12.33","3.339",".147","30.055"
"2016","6733","76","24","","","1","90","5","100","5.92",".086",".863",".129","20.436","41.037","8.675","20.197","2.657","11.71","15.928","27.094","28.391","7.027",".814","9.035"
"2016","6741","26","74","","","4","88","4.3","100","8.273",".144","1.511",".432","27.626","39.712","5.827","14.317","2.158","9.346","15.313","28.541","33.142","5.32",".719","7.62"
"2016","6742","59","41","","","0","97","9.3","100","13.508",".103","2.054",".103","14.381","41.859","4.879","20.493","2.619","15.444","10.21","13.905","17.086","8.466","1.539","33.35"
"2016","7201","96","4","","","6","91","3.2","100","3.462",".204",".815","0","12.322","23.014","31.568","26.884","1.731","15.58","22.607","33.198","22.912","3.87",".611","1.222"
"2016","7202","93","7","","","14","76","3.6","100","7.036","0","2.199","0","2.814","15.215","37.115","32.278","3.342","16.813","20.599","31.25","20.863","5.282",".528","4.665"
"2016","7203","96","4","","","16","76","2.7","100","3.562","0","0","0","4.932","8.219","52.329","29.041","1.918","16.667","24.59","32.787","19.945","4.098",".82","1.093"
"2016","7204","98","2","","","20","43","3.6","100","6.718","0",".832",".128","14.715","30.262","22.201","23.608","1.536","20.038","25.224","29.513","18.374","3.457",".576","2.817"
"2016","7205","94","6","","","18","48","4.1","100","6.107",".067","1.113","0","20.985","34.919","16.869","17.746","2.193","18.657","24.663","28.914","19.568","3.779",".506","3.914"
"2016","7231","96","4","","","2","96","3.5","100","4.739","0",".98",".065","6.438","24.314","24.837","36.601","2.026","16.111","21.438","28.66","22.614","4.314",".425","6.438"
"2016","7232","98","2","","","3","95","2.7","100","3.047","0",".388","0","7.091","18.449","30.526","38.67","1.828","11.967","23.435","31.468","23.047","5.319",".332","4.432"
"2016","7233","99","1","","","3","92","8.6","100","1.375","0",".405","0","5.583","19.013","48.463","24.515",".647","25.95","19.968","23.04","17.542","3.719",".162","9.62"
"2016","7234","98","2","","","0","98","8.1","100","3.902","0","0","0","2.927","11.707","50.732","29.756",".976","30.392","22.549","22.059","18.137","1.961","0","4.902"
"2016","7235","98","2","","","3","94","5.9","100","3.412","0","0","0","14.961","28.609","25.459","24.934","2.625","18.158","21.579","28.158","22.632","4.474","0","5"
"2016","7236","98","2","","","3","96","18","100","2.24","0",".32","0","9.44","17.12","49.76","20.32",".8","33.493","23.604","20.893","9.888","1.435",".319","10.367"
"2016","7237","95","5","","","2","95","6.2","100","2.144","0",".414","0","16.742","26.674","30.982","21.896","1.147","20.7","19.458","24.915","19.307","3.331",".207","12.081"
"2016","7241","99","1","","","8","83","8.1","100","4.977","0",".844",".103","1.274","11.727","47.236","31.428","2.411","28.001","18.564","22.18","14.62","3.169",".276","13.191"
"2016","7242","98","2","","","1","98","6.3","100","8.281","0","2.056",".114",".628","4.911","38.607","42.433","2.97","17.352","20.947","32.42","23.516","2.34",".228","3.196"
"2016","7243","97","3","","","1","99","4","100","5.952","0","1.488","0","0","3.274","40.476","47.917",".893","28.358","20.299","25.672","18.209","3.582","0","3.881"
"2016","7244","98","2","","","1","99","2.9","100","3.622","0","0","0","1.164","10.867","48.771","34.929",".647","35.705","14.101","21.216","13.325","1.682",".647","13.325"
"2016","7245","96","4","","","2","95","4.6","100","6.152","0",".783",".224","7.047","43.848","10.515","29.642","1.79","28.076","23.378","22.819","13.423","1.23",".224","10.85"
"2016","7246","91","9","","","2","95","3","100","11.693","0","1.875","0","4.633","33.811","6.509","38.058","3.42","23.098","23.484","26.847","18.743","1.488",".11","6.229"
"2016","7247","94","6","","","3","87","6.3","100","12","0","4","0","9.333","44","8","21.333","1.333","27.027","31.081","29.73","9.459","0","0","2.703"
"2016","7251","98","2","","","9","80","5.5","100","2.289","0",".318",".064","3.655","15.035","49.968","27.368","1.303","29.107","19.733","20.75","12.297","3.209",".731","14.172"
"2016","7252","99","1","","","2","97","9.2","100","1.361","0",".209","0","2.304","13.194","51.518","30.471",".942","29.916","21.757","21.967","16.004","2.092",".314","7.95"
"2016","7253","98","2","","","8","78","4.4","100","4.551",".246",".738",".246","2.583","7.995","44.526","38.253",".861","28.29","21.771","24.846","13.776","2.583",".369","8.364"
"2016","7271","98","2","","","7","67","8.1","100","3.66",".047",".49",".023","18.287","31.515","26.026","18.823","1.131","26.943","18.623","23.307","16.467","3.508",".385","10.768"
"2016","7272","95","5","","","7","73","3.1","100","6.155","0","1.16","0","17.574","33.898","15.7","23.64","1.873","17.857","19.107","28.393","21.429","4.911",".179","8.125"
"2016","7281","98","2","","","10","71","10.5","100","2.464","0",".569","0","28.301","31.143","24.258","12.003","1.263","23.218","19.558","25.615","19.748","2.208",".631","9.022"
"2016","7282","99","1","","","5","88","10.9","100","1.802",".3",".3","0","37.237","36.637","13.664","9.009","1.051","27.477","20.42","25.976","15.616","1.652",".3","8.559"
"2016","7283","98","2","","","10","48","6.9","100","4.267",".284",".711","0","19.63","39.687","20.484","11.807","3.129","21.969","24.108","26.534","16.405","2.568",".571","7.846"
"2016","7284","97","3","","","3","73","8.2","100","2.462","0",".513",".103","22.615","33.128","28.615","10.821","1.744","26.639","22.951","24.846","14.037","2.254",".154","9.119"
"2016","7291","99","1","","","5","80","9.5","100","2.384","0",".193",".129","37.758","39.24","9.923","9.665",".709","35.158","20.863","16.549","9.466","1.159",".193","16.613"
"2016","7292","95","5","","","7","82","9.2","100","5.714","0",".762","0","15.81","32.571","29.333","14.857",".952","24.905","20.722","26.236","16.92","3.422",".38","7.414"
"2016","7293","97","3","","","5","83","12.1","100","2.058","0",".412","0","17.49","29.835","34.156","14.609","1.44","28.807","24.897","19.753","12.551","1.646","0","12.346"
"2016","7294","87","13","","","8","52","8.5","100","5.211",".064",".699","0","24.404","41.69","10.55","15.094","2.288","18.78","21.544","25.58","20.337","3.813",".636","9.31"
"2016","7295","96","4","","","11","46","6","100","3.099",".168",".754","0","26.633","41.039","14.74","12.479","1.089","23.367","24.037","24.037","16.164","2.764",".586","9.045"
"2016","7301","95","5","","","20","67","2.7","100","6.202",".141",".916",".211","6.061","16.561","32.488","35.236","2.185","13.822","23.272","32.722","23.484","4.443",".282","1.975"
"2016","7302","97","3","","","5","90","5.5","100","6.035",".088",".352","0","20.441","37.357","15.639","18.987","1.101","20.308","24.097","29.295","19.648","3.04",".22","3.392"
"2016","7303","70","31","","","4","93","3.7","100","13.953","0",".775","0","13.566","41.085","6.202","20.93","3.488","14.844","22.656","34.766","21.875","4.688","0","1.172"
"2016","7304","91","10","","","0","100","3.4","100","9.565","0","5.217","0","8.696","41.739","11.304","20.87","2.609","20","26.957","32.174","19.13","0","0","1.739"
"2016","7305","77","23","","","7","89","2.3","100","10.169",".282","2.542","0","12.571","34.605","9.322","26.271","4.237","13.579","24.894","32.673","20.651","6.082",".283","1.839"
"2016","7311","99","1","","","2","97","3.7","100","4.343","0",".609",".061","4.932","12.99","36.594","38.502","1.969","14.573","18.409","30.201","27.502","3.389",".223","5.703"
"2016","7312","99","1","","","2","93","2.8","100","1.875","0",".201","0","8.171","15.539","35.968","36.839","1.407","23.443","20.898","19.759","19.022","3.483",".603","12.793"
"2016","7313","98","2","","","4","88","4","100","4.39","0",".464",".084","1.984","9.793","36.471","44.871","1.942","27.86","22.33","22.203","14.183","2.322",".253","10.848"
"2016","7314","98","2","","","0","100","2.2","100","6.818","0","0","0","5.114","21.591","27.273","37.5","1.705","18.75","17.614","34.659","17.614","2.273","2.273","6.818"
"2016","7315","95","5","","","0","100","3.2","100","8.659","0","1.901",".211","2.957","13.516","15.945","51.848","4.963","19.705","20.126","27.397","22.972","2.845",".421","6.533"
"2016","7316","93","8","","","2","97","4","100","4.167","0","1.562","0","10.938","27.083","21.875","34.896","-.521","23.037","18.325","26.702","19.372","3.665","0","8.901"
"2016","7318","100","0","","","1","98",".9","100","5.033","0","0","0","2.188","14.223","43.545","33.479","1.532","29.322","22.976","28.009","10.941","1.313","0","7.44"
"2016","7321","98","2","","","7","85","2.7","100","2.629",".018",".39",".045","6.219","17.353","38.232","33.59","1.523","22.663","19.853","23.815","15.837","3.282",".49","14.06"
"2016","7322","95","5","","","6","81","4.6","100","2.236","0",".327","0","16.63","25.682","35.06","18.648","1.418","17.275","18.42","28.338","22.725","4.196",".381","8.665"
"2016","7331","97","3","","","9","71","10.7","100","3.759","0","1.504","0","6.767","16.541","35.338","33.083","3.008","18.519","18.519","26.667","19.259","5.185","1.481","10.37"
"2016","7332","96","4","","","11","60","2.8","100","4.73","0",".901","0","9.009","23.874","24.55","34.459","2.477","14.157","15.73","26.742","24.27","10.112","2.022","6.966"
"2016","7333","97","3","","","2","94","2.4","100","5.965",".702","1.754","0","5.263","27.018","18.947","36.842","3.509","20.702","15.088","25.614","24.912","5.263","0","8.421"
"2016","7334","99","1","","","5","86","2.4","100","1.951","0","0","0","7.561","18.049","39.268","32.683",".488","16.748","22.33","26.699","20.631","5.097",".485","8.01"
"2016","7335","98","2","","","6","62","6","100","2.752","0","0","0","12.844","22.936","33.945","27.064",".459","15.668","15.207","24.885","23.963","8.756","1.382","10.138"
"2016","7361","95","5","","","0","100",".8","100","4.633","0",".772","0","5.792","40.927","20.077","25.869","1.931","14.176","20.307","41.762","20.307","2.682","0",".766"
"2016","7362","91","9","","","0","100","14.5","100","3.814","0","0","0","4.661","38.136","17.797","35.169",".424","30.085","25.847","26.271","10.169",".847","0","6.78"
"2016","7371","98","2","","","2","97","5.2","100","1.784","0","0","0","13.181","31.021","31.913","20.813","1.288","22.079","24.059","25.941","19.208","3.168",".693","4.851"
"2016","7372","100","0","","","0","97","13.9","100","0","0","0","0","22.689","41.176","14.286","20.168","1.681","38.136","20.339","16.102","11.017","0","0","14.407"
"2016","7373","94","6","","","18","70","4.3","100","4.412","0","2.941","0","2.941","26.471","36.765","27.941","-1.471","25.373","22.388","22.388","16.418","2.985","0","10.448"
"2016","7381","83","17","","","4","92","4","100","5.887",".145",".654",".145","17.515","45.567","11.701","16.788","1.599","13.382","18.4","33.818","24.727","4.436",".582","4.655"
"2016","7384","93","7","","","8","73","4.9","100","5.435","0",".466","0","13.509","31.366","20.342","27.019","1.863","19.69","16.744","27.907","20.62","5.271",".775","8.992"
"2016","7441","96","4","","","9","72","6.7","100","5.58",".079",".734",".079","20.54","42.363","10.951","17.894","1.782","24.247","19.22","22.205","14.742","2.959",".419","16.208"
"2016","7442","95","5","","","1","96","6.3","100","6.158","0",".88","0","9.091","33.431","19.648","29.619","1.173","27.434","20.354","25.959","19.469","1.475","0","5.31"
"2016","7444","91","9","","","9","78","5.7","100","12.143","0","6.071","0","9.643","27.5","16.786","23.929","3.929","19.149","25.177","29.433","14.539","4.255",".709","6.738"
"2016","7445","94","7","","","5","79","4","100","10.031","0","1.034","0","13.65","35.16","11.272","25.957","2.896","16.373","15.959","25.492","18.964","5.699","1.865","15.648"
"2016","7451","90","11","","","0","97","13.7","100","4.673","0","1.869","0","26.168","51.402","1.869","11.215","2.804","15.596","10.092","23.853","12.844","3.67","1.835","32.11"
"2016","7452","83","17","","","0","99","8.9","100","6.384",".12","1.271",".093","21.156","48.635","5.345","15.284","1.711","19.381","19.607","25.1","17.417","2.197",".153","16.145"
"2016","7511","97","3","","","12","79","5","100","5.038",".104","1.426",".1","24.928","39.989","12.123","14.284","2.009","13.445","21.885","30.136","25.549","5.767",".54","2.678"
"2016","7512","63","37","","","0","99","1.9","100","8.307",".109","1.817",".205","12.105","40.962","8.13","25.673","2.692","9.045","19.074","27.517","29.362","12.994","1.353",".656"
"2016","7513","94","6","","","10","57","3.9","100","14.048",".492","4.327",".267","16.653","37.449","6.112","16.756","3.897","8.897","16.175","30.238","29.254","11.542","1.784","2.112"
"2016","7514","92","8","","","3","88","5.6","100","6.062",".067",".909",".084","19.027","46.119","7.712","18","2.021","15.488","16.751","24.747","24.074","7.946","1.094","9.899"
"2016","7521","98","3","","","3","93","12.8","100","1.097","0",".128","0","26.161","39.689","19.193","13.017",".715","21.536","19.622","24.955","20.49","4.057",".561","8.778"
"2016","7522","97","3","","","2","95","11.5","100","2.617","0",".201","0","18.322","42.752","14.631","20.47","1.007","21.946","24.43","27.651","17.919","3.221",".201","4.631"
"2016","7531","98","2","","","0","100","6.4","100","4.524","0",".476","0","17.143","44.762","9.762","21.429","1.905","29.286","22.143","23.095","16.905","1.19","0","7.381"
"2016","7532","86","14","","","0","99","22.1","100","19.753","0","0","0","14.815","28.395","11.111","22.222","3.704","18.75","18.75","18.75","22.5","2.5","0","18.75"
"2016","7533","86","14","","","6","92","30","100","11.268","0","0","0","9.859","39.437","11.268","22.535","5.634","15.714","15.714","17.143","22.857","4.286","2.857","21.429"
"2016","7534","87","13","","","0","100","4.9","100","11.79","0","1.42","0","6.96","46.165","5.114","25.142","3.409","25.605","18.492","22.333","13.087","1.707","0","18.777"
"2016","7535","97","3","","","2","94","6.4","100","2.59","0",".199","0","22.709","49.104","11.653","12.948",".797","26.421","15.354","13.858","6.979","1.396",".199","35.793"
"2016","7611","96","4","","","4","86","13.9","100","3.921",".04",".49",".024","26.077","44.139","10.276","13.651","1.383","25.703","19.056","19.404","12.338","1.541",".213","21.744"
"2016","7612","86","13","","","1","94","11.1","100","3.191",".304",".912","0","21.125","45.137","11.702","16.109","1.52","20.061","15.198","18.541","12.006","2.584",".456","31.155"
"2016","7621","88","12","","","0","100","9.7","100","5.828","0",".53","0","15.033","49.536","8.742","19.073","1.258","20.066","18.079","23.113","15.695","2.914",".265","19.868"
"2016","7622","91","9","","","1","96","10.1","100","3.311","0","0","0","21.192","51.656","6.623","14.57","2.649","32.45","18.543","15.894","11.258","2.649","0","19.205"
"2016","8211","90","10","","","6","91","5.4","100","9.286","0","3.571","0","10","26.429","10.714","35.714","4.286","15.827","23.741","33.813","15.827","2.158","0","8.633"
"2016","8221","97","3","","","1","99","4.6","100","4.859","0",".767","0","14.066","30.435","17.647","30.179","2.046","12.5","27.296","33.163","23.724","1.531","0","1.786"
"2016","8222","91","9","","","8","85","15.3","100","15.493","0","5.634","0","11.268","26.761","14.085","22.535","4.225","15.789","28.947","32.895","14.474","2.632","2.632","2.632"
"2016","8231","98","2","","","0","100","6.3","100","1.888","0",".172","0","16.567","34.85","19.313","26.867",".343","26.244","27.015","24.7","15.609","1.029","0","5.403"
"2016","8232","93","7","","","2","94","16","100","4.608","0","0",".922","15.207","42.857","14.747","21.198",".461","33.796","20.37","15.741","12.037",".926","0","17.13"
"2016","8241","96","4","","","8","82","19.3","100","2.128","0","0","0","32.624","41.135","17.73","6.383","0","14.894","24.113","23.404","17.73","7.801","1.418","10.638"
"2016","8252","65","35","","","9","57","4.2","100","9.677",".484","1.774","0","18.548","38.065","6.452","22.419","2.581","20.908","17.018","21.556","16.856","9.562","2.431","11.669"
"2016","8255","89","11","","","21","49","3.6","100","10.683",".11","1.267",".165","14.262","38.601","7.819","24.064","3.029","24.904","21.818","23.581","16.804","3.967",".275","8.65"
"2016","8261","90","0","","","11","74","9.5","100","0","0","0","0","10.526","36.842","21.053","31.579","0","15","10","45","20","10","0","0"
"2016","8262","89","10","","","8","69","14.5","100","5.769","0","0","0","42.308","34.615","9.615","7.692","0","13.462","15.385","30.769","21.154","5.769","0","13.462"
"2016","8411","92","8","","","0","98","9.8","100","3.101","0","2.326","0","15.504","30.233","19.38","29.457","0","23.256","20.155","23.256","17.829","1.55","0","13.953"
"2016","8412","95","7","","","0","103","31.8","100","6.897","0","0","0","10.345","44.828","13.793","27.586","-3.448","37.931","24.138","10.345","13.793","0","0","13.793"
"2016","8421","98","2","","","6","60","23.5","100","2.959","0","1.183","0","29.586","38.462","18.343","10.059","-.592","18.935","17.16","18.343","21.893","7.692","2.959","13.018"
"2016","8422","83","17","","","4","92","10.4","100","14.935","0","0","0","7.792","36.364","6.494","32.468","1.948","26.452","10.323","6.452","9.677","2.581","1.29","43.226"
"2016","8431","64","36","","","5","71","7.5","100","5.01",".216",".491",".098","40.747","33.124","4.283","14.145","1.886","14.238","10.566","14.081","15.102","7.227","2.69","36.096"
"2016","8432","44","56","","","1","94","7.9","100","6.963","0",".419",".168","31.292","41.107","2.517","15.688","1.846","13.998","10.562","16.094","15.591","3.856",".503","39.396"
"2016","8441","84","21","","","0","100","15.8","100","0","0","0","0","47.059","29.412","0","11.765","11.765","27.778","33.333","11.111","16.667","0","0","11.111"
"2016","8442","84","16","","","12","18","10.5","100","0","0","0","0","47.059","11.765","23.529","0","17.647","11.111","0","11.111","22.222","16.667","27.778","11.111"
"2016","8611","44","56","","","2","94","16.3","100","2.959","0","0","0","46.746","36.982","2.367","7.692","3.254","14.54","18.398","23.145","14.243","2.077",".89","26.706"
"2016","8612","85","15","","","2","86","12.9","100","7.421",".074",".883",".049","19.725","48.172","5.434","16.45","1.791","19.065","10.808","12.894","11.729","4.269",".724","40.51"
"2016","8613","83","17","","","0","94","26.1","100","11.111","0","0","0","27.778","44.444","11.111","0","5.556","25","0","25","18.75","0","0","31.25"
"2016","8614","92","8","","","0","99","13.4","100","1.786","0","1.19","0","18.452","42.857","13.69","21.429",".595","28.144","19.76","16.766","9.581","1.198","0","24.551"
"2016","8615","93","7","","","0","95","30","100","0","0","0","0","30.233","44.186","11.628","9.302","4.651","39.535","16.279","9.302","9.302","4.651","0","20.93"
"2016","8616","73","27","","","2","94","17","100","14.754","0",".82","0","12.705","52.049","3.689","15.164",".82","18.852","5.738","11.066","8.197",".82","0","55.328"
"2016","9211","92","8","","","1","99","2.4","100","7.093","0",".865","0","15.744","42.215","8.651","23.702","1.73","15.717","25.561","31.779","21.071","3.282",".345","2.245"
"2016","9212","81","19","","","1","98","2.7","100","18.065",".215","3.548",".645","6.989","24.086","13.548","30.108","2.796","14.316","22.497","37.029","22.82","1.938","0","1.399"
"2016","9213","66","34","","","1","98","2.3","100","19.089",".217","4.772",".325","14.317","35.575","3.579","18.547","3.579","19.089","25.705","29.935","18.98","1.844",".217","4.23"
"2016","9214","78","22","","","0","99","2","100","9.711","0","1.653","0","17.355","43.182","6.818","19.215","2.066","14.463","26.446","36.57","18.595","2.273","0","1.653"
"2016","9215","87","13","","","2","97","3.4","100","7.031","0","1.172","0","18.75","41.797","8.594","21.094","1.562","12.549","20.784","37.647","26.667",".784","0","1.569"
"2016","9217","41","58","","","4","94","2.3","100","8.73","1.587","1.587","0","18.254","42.063","5.556","19.841","2.381","14.4","23.2","29.6","26.4","4","0","2.4"
"2016","9221","83","17","","","0","100","2.6","100","10.36",".144","1.799","0","8.058","45.683","7.05","24.317","2.59","13.535","29.014","37.869","15.983","1.08","0","2.52"
"2016","9222","74","26","","","0","99","4.8","100","18.785","0","7.182","1.105","10.497","27.072","4.972","28.729","1.657","11.602","24.862","36.464","22.652","2.21","1.105","1.105"
"2016","9223","77","22","","","2","99","3.2","100","9.917","0","1.653","0","16.529","32.231","7.438","27.273","4.959","11.667","33.333","31.667","20","3.333","0","0"
"2016","9224","85","16","","","2","97","3.1","100","12.698","0","1.058","0","23.28","34.392","7.407","19.048","2.116","12.766","23.404","35.106","23.936","2.66","0","2.128"
"2016","9226","88","12","","","1","99",".6","100","7.595","0","1.899","0","11.076","39.557","12.658","25","2.215","11.783","25.159","35.35","24.522","1.274","0","1.911"
"2016","9227","80","20","","","2","96","2.6","100","9.06","0","1.007","0","15.101","41.611","9.06","21.812","2.349","14.141","24.242","35.017","21.212","3.367","0","2.02"
"2016","9231","97","3","","","0","99","5.1","100","5.389","0","0","0","0","47.305","6.587","37.126","3.593","24.405","29.167","25","16.667","1.786","0","2.976"
"2016","9232","86","14","","","1","99","3.5","100","14.442","0","3.839","0","0","29.433","8.41","41.499","2.377","22.445","22.08","28.832","19.891","1.277","0","5.474"
"2016","9235","84","16","","","0","100","4.2","100","6.593","0","1.099","0","0","60.44","7.143","21.429","3.297","16.575","19.89","35.912","21.547","0","0","6.077"
"2016","9241","91","9","","","1","99","2.9","100","13.774","0","2.913",".364","2.731","13.592","13.714","49.454","3.459","21.602","20.267","28.58","21.117","2.549",".182","5.704"
"2016","9243","87","13","","","0","100","3.4","100","12.642","0","1.708",".342","5.467","24.146","13.098","38.952","3.645","19.886","25.371","29.486","16.343","1.943","0","6.971"
"2016","9411","92","8","","","0","99","4.2","100","5.346","0",".786","0","21.384","40.723","9.591","20.755","1.415","18.082","22.484","25","26.101","2.673",".314","5.346"
"2016","9412","87","13","","","1","98","2.8","100","5.738","0",".82","0","19.262","53.279","6.967","12.705","1.23","16.327","16.735","30.612","21.224","1.224","0","13.878"
"2016","9413","86","14","","","2","94","4.3","100","6.844","0",".76","0","31.559","44.106","5.323","9.506","1.901","18.561","20.076","26.515","24.242","2.652","0","7.955"
"2016","9414","94","5","","","3","92","6.6","100","4.843","0",".484","0","27.119","45.278","7.748","12.107","2.421","24.155","24.396","21.739","16.667","3.14","0","9.903"
"2016","9415","78","22","","","0","100","4.5","100","12.451","0",".778","0","9.339","42.023","7.782","25.292","2.335","17.188","15.234","26.953","24.609","1.953","0","14.063"
"2016","9416","86","14","","","1","99","5.4","100","3.864",".117",".82","0","24.766","45.316","7.845","15.925","1.347","15.768","20.574","27.843","23.505","3.107","0","9.203"
"2016","9417","88","12","","","1","98","3.5","100","8.382",".166","1.328",".249","16.846","34.025","11.95","24.315","2.739","15.934","20.747","28.299","23.071","3.154",".166","8.631"
"2016","9418","82","18","","","0","99","4.4","100","7.792",".433",".866",".289","17.893","46.465","6.638","17.893","1.732","17.435","20.605","29.107","22.478","3.026",".288","7.061"
"2016","9421","66","34","","","1","97","5","100","16.137",".733","3.545",".611","12.592","40.587","4.401","18.826","2.567","15.751","22.833","30.891","20.757","2.442",".366","6.96"
"2016","9422","68","32","","","0","99","4.5","100","7.285",".204","1.274","0","22.975","42.639","7.183","15.69","2.751","14.067","20.948","32.365","22.681","2.039",".102","7.798"
"2016","9423","78","22","","","1","97","5.3","100","5",".435",".435","0","16.957","51.957","7.174","16.957","1.087","17.609","18.478","31.304","21.957","1.739","0","8.913"
"2016","9431","88","13","","","2","90","5.5","100","5.814","0",".775","0","29.07","40.31","7.752","14.341","1.938","19.231","17.692","21.923","20.385","5.385",".769","14.615"
"2016","9432","95","6","","","0","100","6.3","100","3.279","0","0","0","18.033","50.82","6.557","22.951","-1.639","16.393","11.475","29.508","37.705","0","0","4.918"
"2016","9433","79","21","","","0","99","2.6","100","5.381",".897",".897","0","14.35","51.121","4.484","20.179","2.691","17.411","17.411","33.036","23.661","1.786","0","6.696"
"2016","9434","84","16","","","1","94","4","100","2.098","0","0","0","27.273","43.357","8.741","15.734","2.797","17.193","20.702","27.368","22.105","2.105","0","10.526"
"2016","9435","74","26","","","1","99","3.1","100","8.209","0",".498","0","23.134","45.771","4.229","15.672","2.488","14.64","21.34","29.529","24.069","3.226",".496","6.7"
"2016","9436","84","14","","","0","99","3.9","100","0","0","0","0","27.778","37.5","15.278","16.667","2.778","9.722","16.667","31.944","23.611","2.778","0","15.278"
"2016","9437","87","13","","","2","92","5.1","100","7.928","0",".767",".512","27.366","37.084","6.138","17.136","3.069","15.897","16.667","24.103","27.692","4.872","0","10.769"
"2016","9441","58","42","","","1","96","3.7","100","4.225","0","0","0","23.592","47.535","4.225","17.958","2.465","17.073","17.073","28.571","24.39","5.923",".697","6.272"
"2016","9442","37","63","","","3","78","6","100","7.895","0","3.008",".752","24.812","40.602","4.511","15.038","3.383","11.236","15.73","35.955","27.715","5.243","0","4.12"
"2016","9445","53","48","","","2","97","6","100","6.349","0","1.587","0","30.952","43.651","4.762","13.492","-.794","8","18.4","28.8","32.8","6.4","0","5.6"
"2016","9446","7","93","","","1","91","6.3","100","4.666","0",".549","0","44.099","36.505","4.3","8.692","1.189","6.21","14.064","38.63","31.781","6.027",".639","2.648"
"2016","9447","28","72","","","2","97","9","100","18.182","0","0","0","18.182","38.636","4.545","16.667","3.788","12.214","15.267","36.641","29.008","2.29","0","4.58"
"2016","9461","67","33","","","2","97","5.1","100","10.816",".142","1.596",".142","19.22","43.298","4.574","17.695","2.518","18.375","22.419","26.96","20.823","2.022",".213","9.188"
"2016","9462","66","34","","","1","98","4.7","100","3.221","0","1.074",".307","36.35","39.571","6.595","10.276","2.607","15.644","22.546","27.301","21.933","2.454","0","10.123"
"2016","9463","51","51","","","0","94","9.6","100","7.576","0","0","0","37.879","31.818","4.545","16.667","1.515","15.152","25.758","16.667","15.152","0","3.03","24.242"
"2016","9465","37","63","","","0","99","6.7","100","28.349","1.246","7.165",".935","8.1","24.922","3.738","20.249","5.296","23.125","22.5","23.125","18.438","2.5","0","10.313"
"2016","9471","68","32","","","2","95","4.8","100","10.49","0","1.259","0","16.503","42.797","5.874","20.14","2.937","15.804","18.322","33.007","21.958","3.077",".28","7.552"
"2016","9472","73","27","","","1","97","3.8","100","10.8",".8","2",".8","8.4","30.8","6.8","38.4","1.2","11.647","18.876","36.145","26.908","2.41","0","4.016"
"2016","9473","56","44","","","2","96","4.8","100","6.75",".5","1.5","0","22.5","46.5","8.25","11.5","2.5","8.25","17","37.75","28.75","4","0","4.25"
"2016","9474","45","55","","","3","86","9.1","100","19.89","0","2.762","0","9.392","35.359","4.42","24.862","3.315","18.681","14.286","17.033","20.879","7.692","1.099","20.33"
"2016","9521","80","19","","","0","100","7.4","100","9.845","0","2.591","0","0","37.565","15.026","30.829","4.145","14.767","15.544","25.648","34.197","4.145","0","5.699"
"2016","9522","68","32","","","0","100","6.7","100","7.842",".052","1.228",".078","14.473","49.715","4.876","19.419","2.317","17.354","21.98","29.468","16.887","1.556",".069","12.685"
"2016","9523","46","54","","","0","99","6","100","12.432",".136","2.853",".204","16.712","38.179","4.891","20.516","4.076","10.659","17.923","35.302","26.884","3.055",".136","6.042"
"2016","9524","69","31","","","0","99","6.1","100","10.882",".413","1.377","0","17.218","38.705","8.54","19.835","3.03","12.792","17.607","34.525","22.146","3.164","0","9.766"
"2016","9525","83","16","","","0","99","5.9","100","5.66","0","1.887","0","11.95","37.736","11.95","28.302","2.516","16.25","14.375","33.125","22.5","7.5","0","6.25"
"2016","9526","81","19","","","1","98","6.1","100","8.511",".236",".827","0","15.13","44.208","8.392","20.804","1.891","17.571","19.575","29.481","21.58","2.123","0","9.67"
"2016","9527","74","25","","","1","98","3.7","100","6.011","0","3.279","0","10.383","45.355","4.372","27.869","2.732","13.587","20.652","33.152","22.283","3.804","0","6.522"
"2016","9531","95","4","","","5","80","2.4","100","3.75","0","0","0","25","30","18.75","21.25","1.25","14.815","12.346","33.333","25.926","4.938","0","8.642"
"2016","9532","79","21","","","1","96","4.4","100","6.764","0",".564","0","30.327","42.841","4.397","12.176","2.931","14.334","19.3","31.941","23.251","2.596",".226","8.352"
"2016","9533","89","11","","","1","95","7.9","100","4.571","0",".762","0","28","44.381","6.476","13.905","1.905","19.011","19.202","22.624","15.779","2.471",".38","20.532"
"2016","9534","84","16","","","5","80","3.8","100","6.535","0",".792",".396","27.327","40.792","6.337","14.851","2.97","15.079","16.667","27.778","26.389","4.563","1.587","7.937"
"2016","9535","50","50","","","0","99","7","100","7.296",".172","1.888",".172","23.605","47.725","4.206","12.618","2.318","14.802","17.298","31.497","21.256","2.754","0","12.392"
"2016","9536","82","18","","","1","95","5.5","100","5.242",".136",".749","0","20.15","47.447","8.101","16.406","1.77","17.891","19.252","29.116","20.612","2.857",".136","10.136"
"2016","9537","68","32","","","2","92","6.8","100","9.519",".103","1.604",".155","21.211","41.697","5.742","17.796","2.173","14.796","18.883","28.815","21.883","3.88",".517","11.226"
"2016","9611","91","9","","","1","93","8.1","100","3.294",".264",".527",".264","21.212","50.066","6.192","17.391",".791","20.526","18.421","25.658","19.211","2.5",".395","13.289"
"2016","9612","83","17","","","1","98","8.2","100","4.7","0",".868","0","26.32","44.975","7.158","14.606","1.374","17.149","18.09","25.036","20.405","2.967",".217","16.136"
"2016","9613","54","46","","","0","99","9.1","100","12.036",".512","2.945",".256","16.261","40.461","6.274","18.438","2.817","13.846","21.026","30","20.385","2.179","0","12.564"
"2016","9614","76","24","","","1","97","10.2","100","4.833","0",".743","0","27.261","48.079","4.957","12.392","1.735","16.069","16.193","24.351","20.89","2.596",".247","19.654"
"2016","9615","56","44","","","0","98","8.3","100","6.167","0","1.322","0","25.404","50.808","3.671","10.866","1.762","16.545","22.401","25.037","20.937","2.489",".293","12.299"
"2016","9616","41","58","","","1","97","10.3","100","5.455",".606","2.121","0","30.909","46.667","3.03","10.606",".606","12.991","14.199","32.024","27.19","1.813","0","11.782"
"2016","9617","47","53","","","0","98","10.2","100","7.568",".174","1.18",".104","26.298","45.062","4.079","13.227","2.309","15.443","18.549","26.045","21.569","2.204",".139","16.051"
"2016","9618","47","52","","","0","99","11.8","100","0","0","4.494","0","43.82","32.584","6.742","8.989","3.371","13.483","19.101","35.955","13.483","3.371","0","14.607"
"2016","9619","57","43","","","0","98","13.1","100","8.492",".202","1.502",".126","24.858","45.35","4.303","13.085","2.082","15.647","18.776","26.233","19.647","2.94",".189","16.568"
"2016","AA","51.8","48.2","","","4.4","87.9","5.1","100","21.397",".885","6.632","1.064","9.255","25.862","5.963","24.587","4.357","20.496","21.042","24.139","17.061","3.972",".573","12.717"
"2011","0011","","","63","37","","","","","","","","","","","","","","","","","","","",""
"2011","0012","","","86","14","","","","","","","","","","","","","","","","","","","",""
"2011","0013","","","79","21","","","","","","","","","","","","","","","","","","","",""
"2011","0014","","","79","21","","","","","","","","","","","","","","","","","","","",""
"2011","0015","","","81","19","","","","","","","","","","","","","","","","","","","",""
"2011","0016","","","83","17","","","","","","","","","","","","","","","","","","","",""
"2011","0111","","","82","18","","","","","","","","","","","","","","","","","","","",""
"2011","0112","","","83","17","","","","","","","","","","","","","","","","","","","",""
"2011","0113","","","83","17","","","","","","","","","","","","","","","","","","","",""
"2011","0114","","","80","20","","","","","","","","","","","","","","","","","","","",""
"2011","0121","","","74","26","","","","","","","","","","","","","","","","","","","",""
"2011","0122","","","80","20","","","","","","","","","","","","","","","","","","","",""
"2011","0124","","","77","23","","","","","","","","","","","","","","","","","","","",""
"2011","0125","","","79","21","","","","","","","","","","","","","","","","","","","",""
"2011","0131","","","84","16","","","","","","","","","","","","","","","","","","","",""
"2011","0132","","","82","18","","","","","","","","","","","","","","","","","","","",""
"2011","0211","","","82","18","","","","","","","","","","","","","","","","","","","",""
"2011","0212","","","83","17","","","","","","","","","","","","","","","","","","","",""
"2011","0213","","","85","15","","","","","","","","","","","","","","","","","","","",""
"2011","0311","","","81","19","","","","","","","","","","","","","","","","","","","",""
"2011","0411","","","80","20","","","","","","","","","","","","","","","","","","","",""
"2011","0412","","","88","12","","","","","","","","","","","","","","","","","","","",""
"2011","0413","","","85","15","","","","","","","","","","","","","","","","","","","",""
"2011","0414","","","87","13","","","","","","","","","","","","","","","","","","","",""
"2011","0421","","","73","27","","","","","","","","","","","","","","","","","","","",""
"2011","0422","","","80","20","","","","","","","","","","","","","","","","","","","",""
"2011","0423","","","79","21","","","","","","","","","","","","","","","","","","","",""
"2011","0431","","","88","12","","","","","","","","","","","","","","","","","","","",""
"2011","0432","","","79","21","","","","","","","","","","","","","","","","","","","",""
"2011","0433","","","75","25","","","","","","","","","","","","","","","","","","","",""
"2011","0511","","","70","30","","","","","","","","","","","","","","","","","","","",""
"2011","0512","","","69","31","","","","","","","","","","","","","","","","","","","",""
"2011","0513","","","64","36","","","","","","","","","","","","","","","","","","","",""
"2011","0601","","","83","17","","","","","","","","","","","","","","","","","","","",""
"2011","0621","","","78","22","","","","","","","","","","","","","","","","","","","",""
"2011","0631","","","71","29","","","","","","","","","","","","","","","","","","","",""
"2011","0632","","","62","38","","","","","","","","","","","","","","","","","","","",""
"2011","0651","","","72","28","","","","","","","","","","","","","","","","","","","",""
"2011","0711","","","73","27","","","","","","","","","","","","","","","","","","","",""
"2011","0712","","","57","43","","","","","","","","","","","","","","","","","","","",""
"2011","0714","","","78","22","","","","","","","","","","","","","","","","","","","",""
"2011","0731","","","82","18","","","","","","","","","","","","","","","","","","","",""
"2011","0811","","","78","22","","","","","","","","","","","","","","","","","","","",""
"2011","0821","","","74","26","","","","","","","","","","","","","","","","","","","",""
"2011","0822","","","68","32","","","","","","","","","","","","","","","","","","","",""
"2011","0823","","","82","18","","","","","","","","","","","","","","","","","","","",""
"2011","0911","","","81","19","","","","","","","","","","","","","","","","","","","",""
"2011","0912","","","87","13","","","","","","","","","","","","","","","","","","","",""
"2011","1111","","","74","26","","","","","","","","","","","","","","","","","","","",""
"2011","1112","","","77","23","","","","","","","","","","","","","","","","","","","",""
"2011","1113","","","69","31","","","","","","","","","","","","","","","","","","","",""
"2011","1114","","","72","28","","","","","","","","","","","","","","","","","","","",""
"2011","1121","","","77","23","","","","","","","","","","","","","","","","","","","",""
"2011","1122","","","68","32","","","","","","","","","","","","","","","","","","","",""
"2011","1123","","","69","31","","","","","","","","","","","","","","","","","","","",""
"2011","1211","","","76","24","","","","","","","","","","","","","","","","","","","",""
"2011","1212","","","81","19","","","","","","","","","","","","","","","","","","","",""
"2011","1213","","","40","60","","","","","","","","","","","","","","","","","","","",""
"2011","1214","","","76","24","","","","","","","","","","","","","","","","","","","",""
"2011","1215","","","83","17","","","","","","","","","","","","","","","","","","","",""
"2011","1221","","","68","32","","","","","","","","","","","","","","","","","","","",""
"2011","1222","","","76","24","","","","","","","","","","","","","","","","","","","",""
"2011","1223","","","71","29","","","","","","","","","","","","","","","","","","","",""
"2011","1224","","","66","34","","","","","","","","","","","","","","","","","","","",""
"2011","1225","","","78","22","","","","","","","","","","","","","","","","","","","",""
"2011","1226","","","61","39","","","","","","","","","","","","","","","","","","","",""
"2011","1227","","","62","38","","","","","","","","","","","","","","","","","","","",""
"2011","1228","","","80","20","","","","","","","","","","","","","","","","","","","",""
"2011","1241","","","59","41","","","","","","","","","","","","","","","","","","","",""
"2011","1242","","","71","29","","","","","","","","","","","","","","","","","","","",""
"2011","1243","","","63","37","","","","","","","","","","","","","","","","","","","",""
"2011","1251","","","48","52","","","","","","","","","","","","","","","","","","","",""
"2011","1252","","","69","31","","","","","","","","","","","","","","","","","","","",""
"2011","1253","","","69","31","","","","","","","","","","","","","","","","","","","",""
"2011","1254","","","72","28","","","","","","","","","","","","","","","","","","","",""
"2011","1311","","","53","47","","","","","","","","","","","","","","","","","","","",""
"2011","1312","","","80","20","","","","","","","","","","","","","","","","","","","",""
"2011","1313","","","78","22","","","","","","","","","","","","","","","","","","","",""
"2011","1314","","","75","25","","","","","","","","","","","","","","","","","","","",""
"2011","1315","","","80","20","","","","","","","","","","","","","","","","","","","",""
"2011","1411","","","56","44","","","","","","","","","","","","","","","","","","","",""
"2011","1414","","","47","53","","","","","","","","","","","","","","","","","","","",""
"2011","1415","","","68","32","","","","","","","","","","","","","","","","","","","",""
"2011","1416","","","63","37","","","","","","","","","","","","","","","","","","","",""
"2011","1422","","","57","43","","","","","","","","","","","","","","","","","","","",""
"2011","1423","","","64","36","","","","","","","","","","","","","","","","","","","",""
"2011","1431","","","68","32","","","","","","","","","","","","","","","","","","","",""
"2011","1432","","","76","24","","","","","","","","","","","","","","","","","","","",""
"2011","1434","","","71","29","","","","","","","","","","","","","","","","","","","",""
"2011","1435","","","69","31","","","","","","","","","","","","","","","","","","","",""
"2011","1451","","","27","73","","","","","","","","","","","","","","","","","","","",""
"2011","1452","","","66","34","","","","","","","","","","","","","","","","","","","",""
"2011","1454","","","27","73","","","","","","","","","","","","","","","","","","","",""
"2011","1511","","","55","45","","","","","","","","","","","","","","","","","","","",""
"2011","1512","","","71","29","","","","","","","","","","","","","","","","","","","",""
"2011","1513","","","43","57","","","","","","","","","","","","","","","","","","","",""
"2011","1521","","","70","30","","","","","","","","","","","","","","","","","","","",""
"2011","1522","","","71","29","","","","","","","","","","","","","","","","","","","",""
"2011","1523","","","79","21","","","","","","","","","","","","","","","","","","","",""
"2011","1524","","","69","31","","","","","","","","","","","","","","","","","","","",""
"2011","1525","","","72","28","","","","","","","","","","","","","","","","","","","",""
"2011","1526","","","74","26","","","","","","","","","","","","","","","","","","","",""
"2011","2111","","","77","23","","","","","","","","","","","","","","","","","","","",""
"2011","2112","","","77","23","","","","","","","","","","","","","","","","","","","",""
"2011","2113","","","64","36","","","","","","","","","","","","","","","","","","","",""
"2011","2114","","","90","10","","","","","","","","","","","","","","","","","","","",""
"2011","2115","","","79","21","","","","","","","","","","","","","","","","","","","",""
"2011","2121","","","73","27","","","","","","","","","","","","","","","","","","","",""
"2011","2122","","","80","20","","","","","","","","","","","","","","","","","","","",""
"2011","2123","","","66","34","","","","","","","","","","","","","","","","","","","",""
"2011","2131","","","77","23","","","","","","","","","","","","","","","","","","","",""
"2011","2132","","","77","23","","","","","","","","","","","","","","","","","","","",""
"2011","2133","","","79","21","","","","","","","","","","","","","","","","","","","",""
"2011","2134","","","74","26","","","","","","","","","","","","","","","","","","","",""
"2011","2141","","","76","24","","","","","","","","","","","","","","","","","","","",""
"2011","2142","","","77","23","","","","","","","","","","","","","","","","","","","",""
"2011","2143","","","67","33","","","","","","","","","","","","","","","","","","","",""
"2011","2144","","","72","28","","","","","","","","","","","","","","","","","","","",""
"2011","2145","","","60","40","","","","","","","","","","","","","","","","","","","",""
"2011","2146","","","76","24","","","","","","","","","","","","","","","","","","","",""
"2011","2147","","","80","20","","","","","","","","","","","","","","","","","","","",""
"2011","2148","","","69","31","","","","","","","","","","","","","","","","","","","",""
"2011","2151","","","72","28","","","","","","","","","","","","","","","","","","","",""
"2011","2152","","","75","25","","","","","","","","","","","","","","","","","","","",""
"2011","2153","","","76","24","","","","","","","","","","","","","","","","","","","",""
"2011","2154","","","72","28","","","","","","","","","","","","","","","","","","","",""
"2011","2161","","","75","25","","","","","","","","","","","","","","","","","","","",""
"2011","2171","","","77","23","","","","","","","","","","","","","","","","","","","",""
"2011","2172","","","78","22","","","","","","","","","","","","","","","","","","","",""
"2011","2173","","","78","22","","","","","","","","","","","","","","","","","","","",""
"2011","2174","","","75","25","","","","","","","","","","","","","","","","","","","",""
"2011","2175","","","66","34","","","","","","","","","","","","","","","","","","","",""
"2011","2211","","","70","30","","","","","","","","","","","","","","","","","","","",""
"2011","2212","","","65","35","","","","","","","","","","","","","","","","","","","",""
"2011","2221","","","63","37","","","","","","","","","","","","","","","","","","","",""
"2011","2222","","","76","24","","","","","","","","","","","","","","","","","","","",""
"2011","2223","","","53","47","","","","","","","","","","","","","","","","","","","",""
"2011","2224","","","63","37","","","","","","","","","","","","","","","","","","","",""
"2011","2225","","","48","52","","","","","","","","","","","","","","","","","","","",""
"2011","2231","","","71","29","","","","","","","","","","","","","","","","","","","",""
"2011","2232","","","73","27","","","","","","","","","","","","","","","","","","","",""
"2011","2233","","","77","23","","","","","","","","","","","","","","","","","","","",""
"2011","2234","","","78","22","","","","","","","","","","","","","","","","","","","",""
"2011","2241","","","71","29","","","","","","","","","","","","","","","","","","","",""
"2011","2242","","","70","30","","","","","","","","","","","","","","","","","","","",""
"2011","2243","","","76","24","","","","","","","","","","","","","","","","","","","",""
"2011","2244","","","77","23","","","","","","","","","","","","","","","","","","","",""
"2011","2251","","","72","28","","","","","","","","","","","","","","","","","","","",""
"2011","2252","","","74","26","","","","","","","","","","","","","","","","","","","",""
"2011","2253","","","74","26","","","","","","","","","","","","","","","","","","","",""
"2011","2254","","","57","43","","","","","","","","","","","","","","","","","","","",""
"2011","2255","","","73","27","","","","","","","","","","","","","","","","","","","",""
"2011","2261","","","73","27","","","","","","","","","","","","","","","","","","","",""
"2011","2262","","","82","18","","","","","","","","","","","","","","","","","","","",""
"2011","2263","","","74","26","","","","","","","","","","","","","","","","","","","",""
"2011","2264","","","71","29","","","","","","","","","","","","","","","","","","","",""
"2011","2271","","","68","32","","","","","","","","","","","","","","","","","","","",""
"2011","2272","","","75","25","","","","","","","","","","","","","","","","","","","",""
"2011","2273","","","42","58","","","","","","","","","","","","","","","","","","","",""
"2011","2274","","","52","48","","","","","","","","","","","","","","","","","","","",""
"2011","2275","","","76","24","","","","","","","","","","","","","","","","","","","",""
"2011","2281","","","78","22","","","","","","","","","","","","","","","","","","","",""
"2011","2282","","","73","27","","","","","","","","","","","","","","","","","","","",""
"2011","2283","","","72","28","","","","","","","","","","","","","","","","","","","",""
"2011","3011","","","64","36","","","","","","","","","","","","","","","","","","","",""
"2011","3012","","","59","41","","","","","","","","","","","","","","","","","","","",""
"2011","3111","","","53","47","","","","","","","","","","","","","","","","","","","",""
"2011","3112","","","53","47","","","","","","","","","","","","","","","","","","","",""
"2011","3113","","","42","58","","","","","","","","","","","","","","","","","","","",""
"2011","3114","","","66","34","","","","","","","","","","","","","","","","","","","",""
"2011","3121","","","48","52","","","","","","","","","","","","","","","","","","","",""
"2011","3122","","","62","38","","","","","","","","","","","","","","","","","","","",""
"2011","3124","","","65","35","","","","","","","","","","","","","","","","","","","",""
"2011","3125","","","48","52","","","","","","","","","","","","","","","","","","","",""
"2011","3131","","","67","33","","","","","","","","","","","","","","","","","","","",""
"2011","3132","","","56","44","","","","","","","","","","","","","","","","","","","",""
"2011","3141","","","52","48","","","","","","","","","","","","","","","","","","","",""
"2011","3142","","","55","45","","","","","","","","","","","","","","","","","","","",""
"2011","3143","","","55","45","","","","","","","","","","","","","","","","","","","",""
"2011","3144","","","60","40","","","","","","","","","","","","","","","","","","","",""
"2011","3211","","","66","34","","","","","","","","","","","","","","","","","","","",""
"2011","3212","","","56","44","","","","","","","","","","","","","","","","","","","",""
"2011","3213","","","60","40","","","","","","","","","","","","","","","","","","","",""
"2011","3214","","","70","30","","","","","","","","","","","","","","","","","","","",""
"2011","3215","","","66","34","","","","","","","","","","","","","","","","","","","",""
"2011","3216","","","65","35","","","","","","","","","","","","","","","","","","","",""
"2011","3217","","","64","36","","","","","","","","","","","","","","","","","","","",""
"2011","3219","","","55","45","","","","","","","","","","","","","","","","","","","",""
"2011","3221","","","66","34","","","","","","","","","","","","","","","","","","","",""
"2011","3222","","","40","60","","","","","","","","","","","","","","","","","","","",""
"2011","3223","","","70","30","","","","","","","","","","","","","","","","","","","",""
"2011","3231","","","70","30","","","","","","","","","","","","","","","","","","","",""
"2011","3232","","","34","66","","","","","","","","","","","","","","","","","","","",""
"2011","3233","","","54","46","","","","","","","","","","","","","","","","","","","",""
"2011","3234","","","74","26","","","","","","","","","","","","","","","","","","","",""
"2011","3236","","","42","58","","","","","","","","","","","","","","","","","","","",""
"2011","3237","","","56","44","","","","","","","","","","","","","","","","","","","",""
"2011","3411","","","54","46","","","","","","","","","","","","","","","","","","","",""
"2011","3413","","","49","51","","","","","","","","","","","","","","","","","","","",""
"2011","3414","","","53","47","","","","","","","","","","","","","","","","","","","",""
"2011","4011","","","65","35","","","","","","","","","","","","","","","","","","","",""
"2011","4012","","","37","63","","","","","","","","","","","","","","","","","","","",""
"2011","4021","","","55","45","","","","","","","","","","","","","","","","","","","",""
"2011","4031","","","74","26","","","","","","","","","","","","","","","","","","","",""
"2011","4032","","","70","30","","","","","","","","","","","","","","","","","","","",""
"2011","4033","","","50","50","","","","","","","","","","","","","","","","","","","",""
"2011","4111","","","67","33","","","","","","","","","","","","","","","","","","","",""
"2011","4112","","","71","29","","","","","","","","","","","","","","","","","","","",""
"2011","4151","","","51","49","","","","","","","","","","","","","","","","","","","",""
"2011","4152","","","67","33","","","","","","","","","","","","","","","","","","","",""
"2011","4153","","","60","40","","","","","","","","","","","","","","","","","","","",""
"2011","4154","","","68","32","","","","","","","","","","","","","","","","","","","",""
"2011","4155","","","83","17","","","","","","","","","","","","","","","","","","","",""
"2011","4156","","","68","32","","","","","","","","","","","","","","","","","","","",""
"2011","4161","","","73","27","","","","","","","","","","","","","","","","","","","",""
"2011","4162","","","78","22","","","","","","","","","","","","","","","","","","","",""
"2011","4163","","","69","31","","","","","","","","","","","","","","","","","","","",""
"2011","4164","","","73","27","","","","","","","","","","","","","","","","","","","",""
"2011","4165","","","66","34","","","","","","","","","","","","","","","","","","","",""
"2011","4166","","","59","41","","","","","","","","","","","","","","","","","","","",""
"2011","4167","","","61","39","","","","","","","","","","","","","","","","","","","",""
"2011","4168","","","57","43","","","","","","","","","","","","","","","","","","","",""
"2011","4169","","","57","43","","","","","","","","","","","","","","","","","","","",""
"2011","4211","","","70","30","","","","","","","","","","","","","","","","","","","",""
"2011","4212","","","58","42","","","","","","","","","","","","","","","","","","","",""
"2011","4214","","","51","49","","","","","","","","","","","","","","","","","","","",""
"2011","4215","","","48","52","","","","","","","","","","","","","","","","","","","",""
"2011","4216","","","29","71","","","","","","","","","","","","","","","","","","","",""
"2011","4217","","","44","56","","","","","","","","","","","","","","","","","","","",""
"2011","4311","","","81","19","","","","","","","","","","","","","","","","","","","",""
"2011","4312","","","83","17","","","","","","","","","","","","","","","","","","","",""
"2011","4313","","","65","35","","","","","","","","","","","","","","","","","","","",""
"2011","4411","","","50","50","","","","","","","","","","","","","","","","","","","",""
"2011","4412","","","44","56","","","","","","","","","","","","","","","","","","","",""
"2011","4413","","","13","87","","","","","","","","","","","","","","","","","","","",""
"2011","4421","","","74","26","","","","","","","","","","","","","","","","","","","",""
"2011","4422","","","76","24","","","","","","","","","","","","","","","","","","","",""
"2011","4423","","","74","26","","","","","","","","","","","","","","","","","","","",""
"2011","5111","","","63","37","","","","","","","","","","","","","","","","","","","",""
"2011","5112","","","61","39","","","","","","","","","","","","","","","","","","","",""
"2011","5113","","","57","43","","","","","","","","","","","","","","","","","","","",""
"2011","5121","","","57","43","","","","","","","","","","","","","","","","","","","",""
"2011","5122","","","62","38","","","","","","","","","","","","","","","","","","","",""
"2011","5123","","","64","36","","","","","","","","","","","","","","","","","","","",""
"2011","5125","","","41","59","","","","","","","","","","","","","","","","","","","",""
"2011","5131","","","60","40","","","","","","","","","","","","","","","","","","","",""
"2011","5132","","","35","65","","","","","","","","","","","","","","","","","","","",""
"2011","5133","","","21","79","","","","","","","","","","","","","","","","","","","",""
"2011","5134","","","18","82","","","","","","","","","","","","","","","","","","","",""
"2011","5135","","","21","79","","","","","","","","","","","","","","","","","","","",""
"2011","5136","","","38","62","","","","","","","","","","","","","","","","","","","",""
"2011","5211","","","43","57","","","","","","","","","","","","","","","","","","","",""
"2011","5212","","","33","67","","","","","","","","","","","","","","","","","","","",""
"2011","5221","","","47","53","","","","","","","","","","","","","","","","","","","",""
"2011","5222","","","51","49","","","","","","","","","","","","","","","","","","","",""
"2011","5223","","","64","36","","","","","","","","","","","","","","","","","","","",""
"2011","5224","","","73","27","","","","","","","","","","","","","","","","","","","",""
"2011","5225","","","55","45","","","","","","","","","","","","","","","","","","","",""
"2011","5226","","","42","58","","","","","","","","","","","","","","","","","","","",""
"2011","5227","","","31","69","","","","","","","","","","","","","","","","","","","",""
"2011","5231","","","57","43","","","","","","","","","","","","","","","","","","","",""
"2011","5232","","","21","79","","","","","","","","","","","","","","","","","","","",""
"2011","5241","","","66","34","","","","","","","","","","","","","","","","","","","",""
"2011","5242","","","53","47","","","","","","","","","","","","","","","","","","","",""
"2011","5243","","","55","45","","","","","","","","","","","","","","","","","","","",""
"2011","5244","","","46","54","","","","","","","","","","","","","","","","","","","",""
"2011","5245","","","86","14","","","","","","","","","","","","","","","","","","","",""
"2011","5251","","","46","54","","","","","","","","","","","","","","","","","","","",""
"2011","5252","","","43","57","","","","","","","","","","","","","","","","","","","",""
"2011","5253","","","9","91","","","","","","","","","","","","","","","","","","","",""
"2011","5254","","","20","80","","","","","","","","","","","","","","","","","","","",""
"2011","6211","","","61","39","","","","","","","","","","","","","","","","","","","",""
"2011","6221","","","77","23","","","","","","","","","","","","","","","","","","","",""
"2011","6222","","","55","45","","","","","","","","","","","","","","","","","","","",""
"2011","6231","","","75","25","","","","","","","","","","","","","","","","","","","",""
"2011","6232","","","63","37","","","","","","","","","","","","","","","","","","","",""
"2011","6235","","","72","28","","","","","","","","","","","","","","","","","","","",""
"2011","6311","","","53","47","","","","","","","","","","","","","","","","","","","",""
"2011","6312","","","76","25","","","","","","","","","","","","","","","","","","","",""
"2011","6313","","","77","23","","","","","","","","","","","","","","","","","","","",""
"2011","6314","","","76","24","","","","","","","","","","","","","","","","","","","",""
"2011","6315","","","76","24","","","","","","","","","","","","","","","","","","","",""
"2011","6316","","","64","36","","","","","","","","","","","","","","","","","","","",""
"2011","6321","","","62","38","","","","","","","","","","","","","","","","","","","",""
"2011","6322","","","41","59","","","","","","","","","","","","","","","","","","","",""
"2011","6331","","","63","37","","","","","","","","","","","","","","","","","","","",""
"2011","6332","","","50","50","","","","","","","","","","","","","","","","","","","",""
"2011","6341","","","53","47","","","","","","","","","","","","","","","","","","","",""
"2011","6342","","","49","51","","","","","","","","","","","","","","","","","","","",""
"2011","6343","","","71","29","","","","","","","","","","","","","","","","","","","",""
"2011","6344","","","58","42","","","","","","","","","","","","","","","","","","","",""
"2011","6345","","","63","37","","","","","","","","","","","","","","","","","","","",""
"2011","6346","","","78","22","","","","","","","","","","","","","","","","","","","",""
"2011","6411","","","73","27","","","","","","","","","","","","","","","","","","","",""
"2011","6421","","","38","62","","","","","","","","","","","","","","","","","","","",""
"2011","6511","","","10","90","","","","","","","","","","","","","","","","","","","",""
"2011","6512","","","36","64","","","","","","","","","","","","","","","","","","","",""
"2011","6513","","","27","73","","","","","","","","","","","","","","","","","","","",""
"2011","6521","","","62","38","","","","","","","","","","","","","","","","","","","",""
"2011","6522","","","50","50","","","","","","","","","","","","","","","","","","","",""
"2011","6523","","","50","50","","","","","","","","","","","","","","","","","","","",""
"2011","6524","","","64","36","","","","","","","","","","","","","","","","","","","",""
"2011","6525","","","51","49","","","","","","","","","","","","","","","","","","","",""
"2011","6531","","","19","81","","","","","","","","","","","","","","","","","","","",""
"2011","6532","","","32","68","","","","","","","","","","","","","","","","","","","",""
"2011","6533","","","60","40","","","","","","","","","","","","","","","","","","","",""
"2011","6541","","","51","49","","","","","","","","","","","","","","","","","","","",""
"2011","6551","","","52","48","","","","","","","","","","","","","","","","","","","",""
"2011","6552","","","62","38","","","","","","","","","","","","","","","","","","","",""
"2011","6561","","","41","59","","","","","","","","","","","","","","","","","","","",""
"2011","6562","","","46","54","","","","","","","","","","","","","","","","","","","",""
"2011","6563","","","42","58","","","","","","","","","","","","","","","","","","","",""
"2011","6564","","","30","70","","","","","","","","","","","","","","","","","","","",""
"2011","6611","","","20","80","","","","","","","","","","","","","","","","","","","",""
"2011","6621","","","37","63","","","","","","","","","","","","","","","","","","","",""
"2011","6622","","","32","68","","","","","","","","","","","","","","","","","","","",""
"2011","6623","","","36","64","","","","","","","","","","","","","","","","","","","",""
"2011","6711","","","24","76","","","","","","","","","","","","","","","","","","","",""
"2011","6721","","","51","49","","","","","","","","","","","","","","","","","","","",""
"2011","6722","","","25","75","","","","","","","","","","","","","","","","","","","",""
"2011","6731","","","41","59","","","","","","","","","","","","","","","","","","","",""
"2011","6732","","","50","50","","","","","","","","","","","","","","","","","","","",""
"2011","6733","","","60","40","","","","","","","","","","","","","","","","","","","",""
"2011","6741","","","55","45","","","","","","","","","","","","","","","","","","","",""
"2011","6742","","","32","68","","","","","","","","","","","","","","","","","","","",""
"2011","7201","","","76","24","","","","","","","","","","","","","","","","","","","",""
"2011","7202","","","76","24","","","","","","","","","","","","","","","","","","","",""
"2011","7203","","","75","25","","","","","","","","","","","","","","","","","","","",""
"2011","7204","","","67","33","","","","","","","","","","","","","","","","","","","",""
"2011","7205","","","62","38","","","","","","","","","","","","","","","","","","","",""
"2011","7231","","","75","25","","","","","","","","","","","","","","","","","","","",""
"2011","7232","","","77","23","","","","","","","","","","","","","","","","","","","",""
"2011","7233","","","74","26","","","","","","","","","","","","","","","","","","","",""
"2011","7234","","","44","56","","","","","","","","","","","","","","","","","","","",""
"2011","7235","","","71","29","","","","","","","","","","","","","","","","","","","",""
"2011","7236","","","53","47","","","","","","","","","","","","","","","","","","","",""
"2011","7237","","","68","32","","","","","","","","","","","","","","","","","","","",""
"2011","7241","","","67","33","","","","","","","","","","","","","","","","","","","",""
"2011","7242","","","74","26","","","","","","","","","","","","","","","","","","","",""
"2011","7243","","","71","29","","","","","","","","","","","","","","","","","","","",""
"2011","7244","","","78","22","","","","","","","","","","","","","","","","","","","",""
"2011","7245","","","74","26","","","","","","","","","","","","","","","","","","","",""
"2011","7246","","","74","26","","","","","","","","","","","","","","","","","","","",""
"2011","7247","","","77","23","","","","","","","","","","","","","","","","","","","",""
"2011","7251","","","69","31","","","","","","","","","","","","","","","","","","","",""
"2011","7252","","","61","39","","","","","","","","","","","","","","","","","","","",""
"2011","7253","","","69","31","","","","","","","","","","","","","","","","","","","",""
"2011","7271","","","55","45","","","","","","","","","","","","","","","","","","","",""
"2011","7272","","","70","30","","","","","","","","","","","","","","","","","","","",""
"2011","7281","","","41","59","","","","","","","","","","","","","","","","","","","",""
"2011","7282","","","39","61","","","","","","","","","","","","","","","","","","","",""
"2011","7283","","","51","49","","","","","","","","","","","","","","","","","","","",""
"2011","7284","","","52","48","","","","","","","","","","","","","","","","","","","",""
"2011","7291","","","40","60","","","","","","","","","","","","","","","","","","","",""
"2011","7292","","","65","35","","","","","","","","","","","","","","","","","","","",""
"2011","7293","","","65","35","","","","","","","","","","","","","","","","","","","",""
"2011","7294","","","47","53","","","","","","","","","","","","","","","","","","","",""
"2011","7295","","","55","45","","","","","","","","","","","","","","","","","","","",""
"2011","7301","","","83","17","","","","","","","","","","","","","","","","","","","",""
"2011","7302","","","68","32","","","","","","","","","","","","","","","","","","","",""
"2011","7303","","","78","22","","","","","","","","","","","","","","","","","","","",""
"2011","7304","","","74","26","","","","","","","","","","","","","","","","","","","",""
"2011","7305","","","80","20","","","","","","","","","","","","","","","","","","","",""
"2011","7311","","","75","25","","","","","","","","","","","","","","","","","","","",""
"2011","7312","","","77","23","","","","","","","","","","","","","","","","","","","",""
"2011","7313","","","74","26","","","","","","","","","","","","","","","","","","","",""
"2011","7314","","","73","27","","","","","","","","","","","","","","","","","","","",""
"2011","7315","","","74","26","","","","","","","","","","","","","","","","","","","",""
"2011","7316","","","68","32","","","","","","","","","","","","","","","","","","","",""
"2011","7318","","","76","24","","","","","","","","","","","","","","","","","","","",""
"2011","7321","","","77","23","","","","","","","","","","","","","","","","","","","",""
"2011","7322","","","76","24","","","","","","","","","","","","","","","","","","","",""
"2011","7331","","","77","23","","","","","","","","","","","","","","","","","","","",""
"2011","7332","","","69","31","","","","","","","","","","","","","","","","","","","",""
"2011","7333","","","74","26","","","","","","","","","","","","","","","","","","","",""
"2011","7334","","","67","33","","","","","","","","","","","","","","","","","","","",""
"2011","7335","","","70","30","","","","","","","","","","","","","","","","","","","",""
"2011","7361","","","77","23","","","","","","","","","","","","","","","","","","","",""
"2011","7362","","","65","35","","","","","","","","","","","","","","","","","","","",""
"2011","7371","","","69","31","","","","","","","","","","","","","","","","","","","",""
"2011","7372","","","63","37","","","","","","","","","","","","","","","","","","","",""
"2011","7373","","","76","24","","","","","","","","","","","","","","","","","","","",""
"2011","7381","","","75","25","","","","","","","","","","","","","","","","","","","",""
"2011","7384","","","72","28","","","","","","","","","","","","","","","","","","","",""
"2011","7441","","","52","48","","","","","","","","","","","","","","","","","","","",""
"2011","7442","","","66","34","","","","","","","","","","","","","","","","","","","",""
"2011","7444","","","63","37","","","","","","","","","","","","","","","","","","","",""
"2011","7445","","","60","40","","","","","","","","","","","","","","","","","","","",""
"2011","7451","","","53","47","","","","","","","","","","","","","","","","","","","",""
"2011","7452","","","62","38","","","","","","","","","","","","","","","","","","","",""
"2011","7511","","","66","34","","","","","","","","","","","","","","","","","","","",""
"2011","7512","","","42","58","","","","","","","","","","","","","","","","","","","",""
"2011","7513","","","52","48","","","","","","","","","","","","","","","","","","","",""
"2011","7514","","","60","40","","","","","","","","","","","","","","","","","","","",""
"2011","7521","","","56","44","","","","","","","","","","","","","","","","","","","",""
"2011","7522","","","70","30","","","","","","","","","","","","","","","","","","","",""
"2011","7531","","","68","32","","","","","","","","","","","","","","","","","","","",""
"2011","7532","","","46","54","","","","","","","","","","","","","","","","","","","",""
"2011","7533","","","44","56","","","","","","","","","","","","","","","","","","","",""
"2011","7534","","","61","39","","","","","","","","","","","","","","","","","","","",""
"2011","7535","","","61","39","","","","","","","","","","","","","","","","","","","",""
"2011","7611","","","46","54","","","","","","","","","","","","","","","","","","","",""
"2011","7612","","","50","50","","","","","","","","","","","","","","","","","","","",""
"2011","7621","","","63","37","","","","","","","","","","","","","","","","","","","",""
"2011","7622","","","52","48","","","","","","","","","","","","","","","","","","","",""
"2011","8211","","","62","38","","","","","","","","","","","","","","","","","","","",""
"2011","8221","","","66","34","","","","","","","","","","","","","","","","","","","",""
"2011","8222","","","63","37","","","","","","","","","","","","","","","","","","","",""
"2011","8231","","","53","47","","","","","","","","","","","","","","","","","","","",""
"2011","8232","","","74","26","","","","","","","","","","","","","","","","","","","",""
"2011","8241","","","67","33","","","","","","","","","","","","","","","","","","","",""
"2011","8252","","","73","27","","","","","","","","","","","","","","","","","","","",""
"2011","8255","","","53","47","","","","","","","","","","","","","","","","","","","",""
"2011","8261","","","0","100","","","","","","","","","","","","","","","","","","","",""
"2011","8262","","","34","66","","","","","","","","","","","","","","","","","","","",""
"2011","8411","","","57","43","","","","","","","","","","","","","","","","","","","",""
"2011","8412","","","71","29","","","","","","","","","","","","","","","","","","","",""
"2011","8421","","","43","57","","","","","","","","","","","","","","","","","","","",""
"2011","8422","","","24","76","","","","","","","","","","","","","","","","","","","",""
"2011","8431","","","48","52","","","","","","","","","","","","","","","","","","","",""
"2011","8432","","","30","70","","","","","","","","","","","","","","","","","","","",""
"2011","8441","","","0","100","","","","","","","","","","","","","","","","","","","",""
"2011","8442","","","0","100","","","","","","","","","","","","","","","","","","","",""
"2011","8611","","","44","56","","","","","","","","","","","","","","","","","","","",""
"2011","8612","","","27","73","","","","","","","","","","","","","","","","","","","",""
"2011","8613","","","87","13","","","","","","","","","","","","","","","","","","","",""
"2011","8614","","","59","41","","","","","","","","","","","","","","","","","","","",""
"2011","8615","","","63","37","","","","","","","","","","","","","","","","","","","",""
"2011","8616","","","31","69","","","","","","","","","","","","","","","","","","","",""
"2011","9211","","","83","17","","","","","","","","","","","","","","","","","","","",""
"2011","9212","","","86","14","","","","","","","","","","","","","","","","","","","",""
"2011","9213","","","79","21","","","","","","","","","","","","","","","","","","","",""
"2011","9214","","","76","24","","","","","","","","","","","","","","","","","","","",""
"2011","9215","","","83","17","","","","","","","","","","","","","","","","","","","",""
"2011","9217","","","81","19","","","","","","","","","","","","","","","","","","","",""
"2011","9221","","","80","20","","","","","","","","","","","","","","","","","","","",""
"2011","9222","","","85","15","","","","","","","","","","","","","","","","","","","",""
"2011","9223","","","86","14","","","","","","","","","","","","","","","","","","","",""
"2011","9224","","","82","18","","","","","","","","","","","","","","","","","","","",""
"2011","9226","","","84","16","","","","","","","","","","","","","","","","","","","",""
"2011","9227","","","83","17","","","","","","","","","","","","","","","","","","","",""
"2011","9231","","","66","34","","","","","","","","","","","","","","","","","","","",""
"2011","9232","","","74","26","","","","","","","","","","","","","","","","","","","",""
"2011","9235","","","83","17","","","","","","","","","","","","","","","","","","","",""
"2011","9241","","","82","18","","","","","","","","","","","","","","","","","","","",""
"2011","9243","","","78","22","","","","","","","","","","","","","","","","","","","",""
"2011","9411","","","74","26","","","","","","","","","","","","","","","","","","","",""
"2011","9412","","","77","23","","","","","","","","","","","","","","","","","","","",""
"2011","9413","","","72","28","","","","","","","","","","","","","","","","","","","",""
"2011","9414","","","67","33","","","","","","","","","","","","","","","","","","","",""
"2011","9415","","","72","28","","","","","","","","","","","","","","","","","","","",""
"2011","9416","","","71","29","","","","","","","","","","","","","","","","","","","",""
"2011","9417","","","68","32","","","","","","","","","","","","","","","","","","","",""
"2011","9418","","","70","30","","","","","","","","","","","","","","","","","","","",""
"2011","9421","","","69","31","","","","","","","","","","","","","","","","","","","",""
"2011","9422","","","68","32","","","","","","","","","","","","","","","","","","","",""
"2011","9423","","","73","27","","","","","","","","","","","","","","","","","","","",""
"2011","9431","","","65","35","","","","","","","","","","","","","","","","","","","",""
"2011","9432","","","48","52","","","","","","","","","","","","","","","","","","","",""
"2011","9433","","","78","22","","","","","","","","","","","","","","","","","","","",""
"2011","9434","","","68","32","","","","","","","","","","","","","","","","","","","",""
"2011","9435","","","74","26","","","","","","","","","","","","","","","","","","","",""
"2011","9436","","","83","17","","","","","","","","","","","","","","","","","","","",""
"2011","9437","","","66","34","","","","","","","","","","","","","","","","","","","",""
"2011","9441","","","73","27","","","","","","","","","","","","","","","","","","","",""
"2011","9442","","","59","41","","","","","","","","","","","","","","","","","","","",""
"2011","9445","","","65","35","","","","","","","","","","","","","","","","","","","",""
"2011","9446","","","58","42","","","","","","","","","","","","","","","","","","","",""
"2011","9447","","","61","39","","","","","","","","","","","","","","","","","","","",""
"2011","9461","","","71","29","","","","","","","","","","","","","","","","","","","",""
"2011","9462","","","70","30","","","","","","","","","","","","","","","","","","","",""
"2011","9463","","","41","59","","","","","","","","","","","","","","","","","","","",""
"2011","9465","","","66","34","","","","","","","","","","","","","","","","","","","",""
"2011","9471","","","68","32","","","","","","","","","","","","","","","","","","","",""
"2011","9472","","","73","27","","","","","","","","","","","","","","","","","","","",""
"2011","9473","","","65","35","","","","","","","","","","","","","","","","","","","",""
"2011","9474","","","46","54","","","","","","","","","","","","","","","","","","","",""
"2011","9521","","","79","21","","","","","","","","","","","","","","","","","","","",""
"2011","9522","","","67","33","","","","","","","","","","","","","","","","","","","",""
"2011","9523","","","67","33","","","","","","","","","","","","","","","","","","","",""
"2011","9524","","","68","32","","","","","","","","","","","","","","","","","","","",""
"2011","9525","","","76","24","","","","","","","","","","","","","","","","","","","",""
"2011","9526","","","62","38","","","","","","","","","","","","","","","","","","","",""
"2011","9527","","","70","30","","","","","","","","","","","","","","","","","","","",""
"2011","9531","","","43","57","","","","","","","","","","","","","","","","","","","",""
"2011","9532","","","63","37","","","","","","","","","","","","","","","","","","","",""
"2011","9533","","","71","29","","","","","","","","","","","","","","","","","","","",""
"2011","9534","","","70","30","","","","","","","","","","","","","","","","","","","",""
"2011","9535","","","66","34","","","","","","","","","","","","","","","","","","","",""
"2011","9536","","","70","30","","","","","","","","","","","","","","","","","","","",""
"2011","9537","","","66","34","","","","","","","","","","","","","","","","","","","",""
"2011","9611","","","66","34","","","","","","","","","","","","","","","","","","","",""
"2011","9612","","","64","36","","","","","","","","","","","","","","","","","","","",""
"2011","9613","","","63","37","","","","","","","","","","","","","","","","","","","",""
"2011","9614","","","68","32","","","","","","","","","","","","","","","","","","","",""
"2011","9615","","","66","34","","","","","","","","","","","","","","","","","","","",""
"2011","9616","","","69","31","","","","","","","","","","","","","","","","","","","",""
"2011","9617","","","56","44","","","","","","","","","","","","","","","","","","","",""
"2011","9618","","","57","43","","","","","","","","","","","","","","","","","","","",""
"2011","9619","","","53","47","","","","","","","","","","","","","","","","","","","",""
"2016","AA","","","58.9","41.1","","","","","","","","","","","","","","","","","","","",""
